151 1 1 1 1028.939409693
151 1 1 1 1030.770243413
151 1 1 1 1049.136543242
151 1 1 1 1049.966189682
151 1 1 1 1052.567360462
151 1 1 1 1064.822731267
151 1 1 1 1067.118594658
151 1 1 1 1065.502593552
151 1 1 1 1078.957029845
151 1 1 1 1079.312557962
151 1 1 1 1080.487343111
151 1 1 1 1080.635867473
151 1 1 1 1082.743872690
151 1 1 1 1083.189755092
151 1 1 1 1084.093896619
151 1 1 1 1088.960685391
151 1 1 1 889.876089992
151 1 1 1 945.892887501
151 1 1 1 1045.006692520
151 1 1 1 1039.801674598
151 1 1 1 1047.016512986
151 1 1 1 1046.633344276
151 1 1 1 1106.994568011
151 1 1 1 1146.214711229
151 1 1 1 1227.340783617
151 1 1 1 1247.607053701
151 1 1 1 1277.193246746
151 1 1 1 1245.585115648
151 1 1 1 1308.969491378
151 1 1 1 1265.149807255
151 1 1 1 1623.105046510
151 1 1 1 1624.950465465
151 1 1 1 862.067606563
151 1 1 1 973.037794839
151 1 1 1 955.211786894
151 1 1 1 877.191490468
151 1 1 1 1002.915697834
151 1 1 1 1004.202235802
151 1 1 1 1076.543387950
151 1 1 1 1083.703850928
151 1 1 1 1094.642539662
151 1 1 1 1050.982570245
151 1 1 1 1107.592230803
151 1 1 1 1279.866708921
151 1 1 1 1292.130388129
151 1 1 1 1348.347553560
151 1 1 1 1104.756864028
151 1 1 1 936.812439917
151 1 1 1 1202.248673830
151 1 1 1 882.753009247
151 1 1 1 1218.391646057
151 1 1 1 1079.273027506
151 1 1 1 1013.266960837
151 1 1 1 1122.152356136
151 1 1 1 996.148318832
151 1 1 1 1275.384205549
151 1 1 1 1071.378054728
151 1 1 1 1140.259944197
151 1 1 1 1463.328080189
151 1 1 1 1085.624773909
151 1 1 1 953.655067584
151 1 1 1 983.240261150
151 1 1 1 1238.384283213
151 1 1 1 1288.450188583
151 1 1 1 1089.762327100
151 1 1 1 1016.419265009
151 1 1 1 1140.556326006
151 1 1 1 1066.991916836
151 1 1 1 1166.357867765
151 1 1 1 1120.609583337
151 1 1 1 1211.846571981
151 1 1 1 1158.338442683
151 1 1 1 1222.553007147
151 1 1 1 1084.369337297
151 1 1 1 1195.849446650
151 1 1 1 1096.213946653
151 1 1 1 896.994460493
151 1 1 1 1208.840211849
151 1 1 1 1120.421064910
151 1 1 1 1202.278509375
151 1 1 1 962.570167373
151 1 1 1 1183.657353648
151 1 1 1 1230.555637386
151 1 1 1 1144.906994553
151 1 1 1 1117.092681083
151 1 1 1 1246.056611653
151 1 1 1 1028.020393664
151 1 1 1 1099.677770543
151 1 1 1 1052.151473478
151 1 1 1 1225.633557352
151 1 1 1 1047.602474484
151 1 1 1 986.512812629
151 1 1 1 1027.852383519
151 1 1 1 1106.049736293
151 1 1 1 871.368273354
151 1 1 1 1289.003549154
151 1 1 1 1179.569810316
151 1 1 1 1333.388187783
151 1 1 1 1094.043533258
151 1 1 1 1514.916223557
151 1 1 1 946.956789504
151 1 1 1 1053.968443673
151 1 1 1 1035.220503937
151 1 1 1 1161.334187804
151 1 1 1 1039.738636676
151 1 1 1 1194.428017419
151 1 1 1 985.943606941
151 1 1 1 1109.334467237
151 1 1 1 1295.365950932
151 1 1 1 1377.262833240
151 1 1 1 1149.386666634
151 1 1 1 1059.621901837
151 1 1 1 1193.799426117
151 1 1 1 910.500697630
151 1 1 1 915.584072886
151 1 1 1 1273.856959802
151 1 1 1 1072.635659585
151 1 1 1 1402.765175535
151 1 1 1 1046.047820897
151 1 1 1 1267.740599422
151 1 1 1 1200.534899535
151 1 1 1 1051.140472115
151 1 1 1 1238.810212457
151 1 1 1 886.882056927
151 1 1 1 1238.361427505
151 1 1 1 1165.725194269
151 1 1 1 1084.388613213
151 1 1 1 1226.007820762
