67 1 1 1 22.823075785
67 1 1 1 23.114643723
67 1 1 1 23.065113179
67 1 1 1 23.368779698
67 1 1 1 23.295594955
67 1 1 1 23.105342791
67 1 1 1 23.263043577
67 1 1 1 23.155339954
67 1 1 1 23.133832705
67 1 1 1 23.152840514
67 1 1 1 23.201838397
67 1 1 1 23.339274197
67 1 1 1 23.254649500
67 1 1 1 23.356665481
67 1 1 1 23.408406116
67 1 1 1 23.471988605
67 1 1 1 22.276854839
67 1 1 1 22.206566193
67 1 1 1 22.350821676
67 1 1 1 22.256135617
67 1 1 1 22.210704688
67 1 1 1 22.204700032
67 1 1 1 22.237250625
67 1 1 1 22.362383975
67 1 1 1 22.360074161
67 1 1 1 22.374441416
67 1 1 1 22.409590623
67 1 1 1 22.497253802
67 1 1 1 22.395833473
67 1 1 1 22.303172875
67 1 1 1 22.250751954
67 1 1 1 22.385296750
67 1 1 1 22.170323265
67 1 1 1 22.405867011
67 1 1 1 22.393533797
67 1 1 1 22.432597714
67 1 1 1 22.618364552
67 1 1 1 22.483682651
67 1 1 1 22.288201120
67 1 1 1 22.525000997
67 1 1 1 22.683067868
67 1 1 1 22.582106702
67 1 1 1 22.655758677
67 1 1 1 22.546066142
67 1 1 1 23.975756824
67 1 1 1 24.129838988
67 1 1 1 24.511401051
67 1 1 1 24.890859423
67 1 1 1 19.788903995
67 1 1 1 19.800373383
67 1 1 1 19.601480369
67 1 1 1 19.695810056
67 1 1 1 19.872768517
67 1 1 1 19.870694169
67 1 1 1 19.967605083
67 1 1 1 19.970845083
67 1 1 1 20.094214099
67 1 1 1 20.284141464
67 1 1 1 22.800689388
67 1 1 1 23.018893012
67 1 1 1 19.990232097
67 1 1 1 23.584266280
67 1 1 1 23.854973299
67 1 1 1 24.308157485
67 1 1 1 22.260835066
67 1 1 1 19.878042040
67 1 1 1 22.468333623
67 1 1 1 19.920527474
67 1 1 1 23.804122896
67 1 1 1 23.743165633
67 1 1 1 24.080577031
67 1 1 1 24.104060717
67 1 1 1 24.194672020
67 1 1 1 24.126385286
67 1 1 1 24.231991295
67 1 1 1 24.187647549
67 1 1 1 22.469027958
67 1 1 1 23.514223362
67 1 1 1 23.690978942
67 1 1 1 23.520689159
67 1 1 1 20.516171243
67 1 1 1 23.550973583
67 1 1 1 23.834023818
67 1 1 1 23.856021054
67 1 1 1 23.647940823
67 1 1 1 23.084762842
67 1 1 1 23.143536521
67 1 1 1 23.098692522
67 1 1 1 23.574606090
67 1 1 1 23.437472158
67 1 1 1 23.486852844
67 1 1 1 23.462417822
67 1 1 1 22.447956866
67 1 1 1 21.236625830
67 1 1 1 22.469152745
67 1 1 1 23.173481286
67 1 1 1 21.850624996
67 1 1 1 21.818452420
67 1 1 1 23.795469858
67 1 1 1 22.458931335
67 1 1 1 22.364789521
67 1 1 1 24.748691141
67 1 1 1 24.634646752
67 1 1 1 24.990784962
67 1 1 1 24.859052750
67 1 1 1 24.975238970
67 1 1 1 24.881811821
67 1 1 1 24.961556941
67 1 1 1 25.135479361
67 1 1 1 22.198943870
67 1 1 1 22.835620758
67 1 1 1 23.952850524
67 1 1 1 20.794756623
67 1 1 1 20.675786008
67 1 1 1 20.880081914
67 1 1 1 23.329623414
67 1 1 1 23.460774289
67 1 1 1 19.527694214
67 1 1 1 19.790204445
67 1 1 1 19.484388305
67 1 1 1 19.711441022
67 1 1 1 19.829090500
67 1 1 1 19.797911070
67 1 1 1 20.021824110
67 1 1 1 21.166331433
67 1 1 1 20.540043446
67 1 1 1 20.287826852
67 1 1 1 21.679306058
