199 1 1 1 5728.572508705
199 1 1 1 6530.204123532
199 1 1 1 5724.339062775
199 1 1 1 6530.103368788
199 1 1 1 6612.297262731
199 1 1 1 7480.760100966
199 1 1 1 7427.498109002
199 1 1 1 5820.235356522
199 1 1 1 6077.381923630
199 1 1 1 6006.927597214
199 1 1 1 6046.165462739
199 1 1 1 6866.654425641
199 1 1 1 6031.214245331
199 1 1 1 5942.694361924
199 1 1 1 6496.766437927
199 1 1 1 8318.103773173
199 1 1 1 6206.003458467
199 1 1 1 6211.090713978
199 1 1 1 6218.905681925
199 1 1 1 6221.709952970
199 1 1 1 6270.753921945
199 1 1 1 6277.233034640
199 1 1 1 6289.723295414
199 1 1 1 6289.878372489
199 1 1 1 6296.737574227
199 1 1 1 6309.651748504
199 1 1 1 6309.905946209
199 1 1 1 6322.470102413
199 1 1 1 6326.169982799
199 1 1 1 6333.339028783
199 1 1 1 6342.768430527
199 1 1 1 6361.962823955
199 1 1 1 5669.759492481
199 1 1 1 5785.399804082
199 1 1 1 5837.893152349
199 1 1 1 6064.083710108
199 1 1 1 6177.652794990
199 1 1 1 6177.994046018
199 1 1 1 6373.047149937
199 1 1 1 6483.455585130
199 1 1 1 6539.353417663
199 1 1 1 6609.806939449
199 1 1 1 6776.447783786
199 1 1 1 6719.267496943
199 1 1 1 6898.389844873
199 1 1 1 6859.893130001
199 1 1 1 7481.765785985
199 1 1 1 7771.705428898
199 1 1 1 5999.165206020
199 1 1 1 6395.624259043
199 1 1 1 6506.377263827
199 1 1 1 6584.612508662
199 1 1 1 6176.692377351
199 1 1 1 6479.491053197
199 1 1 1 5880.304097390
199 1 1 1 6388.621004006
199 1 1 1 6180.853580487
199 1 1 1 6437.050857921
199 1 1 1 6367.705535619
199 1 1 1 6284.300062093
199 1 1 1 6358.558928505
199 1 1 1 5934.649386760
199 1 1 1 6668.742395269
199 1 1 1 8042.645228637
199 1 1 1 5830.983894020
199 1 1 1 5366.154490974
199 1 1 1 5747.170207955
199 1 1 1 6405.531320903
199 1 1 1 5636.076139684
199 1 1 1 6022.534310335
199 1 1 1 6350.716839748
199 1 1 1 6415.405130448
199 1 1 1 7234.351470262
199 1 1 1 6387.932852930
199 1 1 1 6310.087304374
199 1 1 1 6631.532780327
199 1 1 1 6194.700223461
199 1 1 1 6995.766272240
199 1 1 1 6194.297381976
199 1 1 1 6562.231997292
199 1 1 1 5523.538888579
199 1 1 1 5849.884533705
199 1 1 1 6364.098555427
199 1 1 1 6322.371678784
199 1 1 1 6074.244369517
199 1 1 1 6157.682668792
199 1 1 1 6741.723391771
199 1 1 1 6323.327436575
199 1 1 1 6615.805248432
199 1 1 1 6434.042986012
199 1 1 1 6117.666678498
199 1 1 1 7098.758241617
199 1 1 1 7184.190680154
199 1 1 1 6577.864151802
199 1 1 1 6796.105346610
199 1 1 1 7532.263237987
199 1 1 1 6395.793432789
199 1 1 1 5659.152730669
199 1 1 1 6040.141290149
199 1 1 1 6200.347203720
199 1 1 1 6169.450263587
199 1 1 1 6000.897708521
199 1 1 1 5998.958106156
199 1 1 1 6250.228676607
199 1 1 1 5963.867706187
199 1 1 1 6080.759550370
199 1 1 1 6756.787883523
199 1 1 1 6801.086865727
199 1 1 1 6106.842914281
199 1 1 1 6562.386333919
199 1 1 1 6574.958014082
199 1 1 1 6285.842974166
199 1 1 1 5749.352528600
199 1 1 1 6909.745012558
199 1 1 1 7490.364275825
199 1 1 1 6222.798948622
199 1 1 1 6448.102368773
199 1 1 1 6644.455785869
199 1 1 1 6334.865488109
199 1 1 1 6282.321511702
199 1 1 1 6796.111628567
199 1 1 1 6345.326664569
199 1 1 1 6489.510169609
199 1 1 1 6657.883782898
199 1 1 1 6283.068041328
199 1 1 1 6386.404070564
199 1 1 1 5795.954726804
199 1 1 1 6173.645833398
