53 1 1 1 10.345864136
53 1 1 1 10.599036988
53 1 1 1 10.433164244
53 1 1 1 10.321282360
53 1 1 1 10.443992348
53 1 1 1 10.439997225
53 1 1 1 10.506328759
53 1 1 1 10.487538977
53 1 1 1 10.449395390
53 1 1 1 10.486854833
53 1 1 1 10.493111220
53 1 1 1 10.453572286
53 1 1 1 10.464675580
53 1 1 1 10.463118592
53 1 1 1 10.479815431
53 1 1 1 10.498147600
53 1 1 1 8.384790250
53 1 1 1 8.398945794
53 1 1 1 8.427285973
53 1 1 1 8.401383609
53 1 1 1 8.405421353
53 1 1 1 8.439904808
53 1 1 1 8.388946205
53 1 1 1 8.382951470
53 1 1 1 8.375062893
53 1 1 1 8.467759353
53 1 1 1 8.479905185
53 1 1 1 8.403299290
53 1 1 1 8.405529323
53 1 1 1 8.429545967
53 1 1 1 8.420957685
53 1 1 1 8.485987061
53 1 1 1 8.753646729
53 1 1 1 8.827817259
53 1 1 1 8.816609542
53 1 1 1 8.890467701
53 1 1 1 8.840661965
53 1 1 1 8.815165733
53 1 1 1 8.879821088
53 1 1 1 8.887960666
53 1 1 1 8.831931623
53 1 1 1 8.818452364
53 1 1 1 8.878066017
53 1 1 1 8.824388048
53 1 1 1 8.929503853
53 1 1 1 8.858199459
53 1 1 1 8.918662128
53 1 1 1 8.959844072
53 1 1 1 8.652738610
53 1 1 1 8.718666742
53 1 1 1 8.786099461
53 1 1 1 8.769287951
53 1 1 1 8.782859872
53 1 1 1 8.780484548
53 1 1 1 8.791475163
53 1 1 1 8.813253292
53 1 1 1 8.819435630
53 1 1 1 8.777153548
53 1 1 1 8.772994793
53 1 1 1 8.767222389
53 1 1 1 8.761889178
53 1 1 1 8.863205089
53 1 1 1 8.828763345
53 1 1 1 9.027629214
53 1 1 1 8.307470122
53 1 1 1 8.304891816
53 1 1 1 8.291532347
53 1 1 1 8.295980573
53 1 1 1 8.360681158
53 1 1 1 8.327024797
53 1 1 1 8.291885609
53 1 1 1 8.288155947
53 1 1 1 8.318223075
53 1 1 1 8.321776046
53 1 1 1 8.303260896
53 1 1 1 8.333030973
53 1 1 1 8.315880071
53 1 1 1 8.333449515
53 1 1 1 8.374001126
53 1 1 1 9.053132336
53 1 1 1 9.506220984
53 1 1 1 9.579211638
53 1 1 1 9.556961195
53 1 1 1 9.634908458
53 1 1 1 9.557021725
53 1 1 1 9.570853997
53 1 1 1 9.521235703
53 1 1 1 9.571797223
53 1 1 1 9.578035030
53 1 1 1 9.567532338
53 1 1 1 9.542887562
53 1 1 1 9.579356738
53 1 1 1 9.552658390
53 1 1 1 9.636474527
53 1 1 1 9.471618689
53 1 1 1 9.569534140
53 1 1 1 8.312704863
53 1 1 1 8.958609875
53 1 1 1 9.005813365
53 1 1 1 8.959032367
53 1 1 1 9.030399121
53 1 1 1 9.049267733
53 1 1 1 9.047883845
53 1 1 1 8.953236293
53 1 1 1 9.008213029
53 1 1 1 8.989732579
53 1 1 1 9.001119627
53 1 1 1 9.055829602
53 1 1 1 8.920109686
53 1 1 1 9.083529476
53 1 1 1 9.019392326
53 1 1 1 8.945234906
53 1 1 1 8.029836004
53 1 1 1 8.083161341
53 1 1 1 9.440350143
53 1 1 1 9.473430620
53 1 1 1 9.347816994
53 1 1 1 9.499263673
53 1 1 1 9.474682507
53 1 1 1 9.479293165
53 1 1 1 9.336424916
53 1 1 1 9.431808942
53 1 1 1 9.506544406
53 1 1 1 9.405506187
53 1 1 1 9.686561444
53 1 1 1 9.489026832
53 1 1 1 9.429108286
53 1 1 1 9.769817348
