31 1 1 1 1.240102656
31 1 1 1 1.075059132
31 1 1 1 1.131454988
31 1 1 1 1.008779838
31 1 1 1 1.066867444
31 1 1 1 1.047475189
31 1 1 1 1.049044988
31 1 1 1 1.065506886
31 1 1 1 1.036886185
31 1 1 1 1.042706230
31 1 1 1 1.054559541
31 1 1 1 .995787190
31 1 1 1 1.046863154
31 1 1 1 1.018635577
31 1 1 1 .998575777
31 1 1 1 1.011001311
31 1 1 1 1.015106106
31 1 1 1 1.070861788
31 1 1 1 1.104177096
31 1 1 1 .953575119
31 1 1 1 .962369212
31 1 1 1 .977252031
31 1 1 1 .989765604
31 1 1 1 .958198676
31 1 1 1 .960182569
31 1 1 1 .964241142
31 1 1 1 .978543327
31 1 1 1 1.132181223
31 1 1 1 1.150442572
31 1 1 1 1.140101850
31 1 1 1 1.140219460
31 1 1 1 1.156628339
31 1 1 1 1.135728824
31 1 1 1 1.150905275
31 1 1 1 1.139426015
31 1 1 1 1.337813707
31 1 1 1 1.343300621
31 1 1 1 1.351700391
31 1 1 1 1.333848454
31 1 1 1 1.330775176
31 1 1 1 1.337677027
31 1 1 1 1.399335724
31 1 1 1 1.385737233
31 1 1 1 1.304852701
31 1 1 1 1.301093439
31 1 1 1 1.303354932
31 1 1 1 1.307847529
31 1 1 1 1.300263844
31 1 1 1 1.302828329
31 1 1 1 1.310780387
31 1 1 1 1.297172555
31 1 1 1 1.102484826
31 1 1 1 1.109887010
31 1 1 1 1.112091403
31 1 1 1 1.099674809
31 1 1 1 1.100465544
31 1 1 1 1.099365598
31 1 1 1 1.099581259
31 1 1 1 1.104862130
31 1 1 1 1.095150282
31 1 1 1 1.096800482
31 1 1 1 1.097232515
31 1 1 1 1.125687794
31 1 1 1 1.108258300
31 1 1 1 1.155587573
31 1 1 1 1.145372842
31 1 1 1 1.144678077
31 1 1 1 1.128609602
31 1 1 1 1.084368969
31 1 1 1 1.028036213
31 1 1 1 1.023900858
31 1 1 1 1.025886450
31 1 1 1 1.028411285
31 1 1 1 1.041225621
31 1 1 1 1.024919344
31 1 1 1 1.041099591
31 1 1 1 1.022337528
31 1 1 1 1.024495182
31 1 1 1 1.028489605
31 1 1 1 1.024219360
31 1 1 1 1.021570904
31 1 1 1 1.021253183
31 1 1 1 1.030385717
31 1 1 1 1.067466227
31 1 1 1 1.040875739
31 1 1 1 1.043154503
31 1 1 1 1.039032588
31 1 1 1 1.044444831
31 1 1 1 1.050353826
31 1 1 1 1.038622995
31 1 1 1 1.035768768
31 1 1 1 1.043715006
31 1 1 1 1.042330538
31 1 1 1 1.040799919
31 1 1 1 1.045793428
31 1 1 1 1.074612860
31 1 1 1 1.076447041
31 1 1 1 1.036306082
31 1 1 1 1.029666943
31 1 1 1 1.022951942
31 1 1 1 1.020431157
31 1 1 1 1.015690299
31 1 1 1 1.018788087
31 1 1 1 1.032767030
31 1 1 1 1.073337632
31 1 1 1 1.025760489
31 1 1 1 1.024075379
31 1 1 1 1.027975723
31 1 1 1 1.023199223
31 1 1 1 1.023481685
31 1 1 1 1.024020679
31 1 1 1 1.070852388
31 1 1 1 1.020070115
31 1 1 1 .898744293
31 1 1 1 .900446423
31 1 1 1 .893639572
31 1 1 1 .896512819
31 1 1 1 .898046668
31 1 1 1 .900917156
31 1 1 1 .932029921
31 1 1 1 .892835227
31 1 1 1 .895784665
31 1 1 1 .897997299
31 1 1 1 .894877800
31 1 1 1 .900326922
31 1 1 1 .891326748
31 1 1 1 .893049029
31 1 1 1 .891663340
