47 1 1 1 5.018830982
47 1 1 1 5.011638109
47 1 1 1 5.014827098
47 1 1 1 5.984456040
47 1 1 1 5.987208197
47 1 1 1 6.018146115
47 1 1 1 5.998006897
47 1 1 1 6.030910854
47 1 1 1 5.993154073
47 1 1 1 6.027975283
47 1 1 1 5.988782076
47 1 1 1 6.001885174
47 1 1 1 6.035127692
47 1 1 1 6.038578343
47 1 1 1 6.035404882
47 1 1 1 6.070903073
47 1 1 1 5.613015767
47 1 1 1 5.617829665
47 1 1 1 5.652752592
47 1 1 1 5.528034600
47 1 1 1 5.543858914
47 1 1 1 5.486073281
47 1 1 1 5.488365544
47 1 1 1 5.495391706
47 1 1 1 5.507009956
47 1 1 1 5.515483006
47 1 1 1 5.497192557
47 1 1 1 5.506163440
47 1 1 1 5.631368713
47 1 1 1 5.553071489
47 1 1 1 5.524212177
47 1 1 1 5.536208429
47 1 1 1 6.165144580
47 1 1 1 6.196897029
47 1 1 1 6.215730711
47 1 1 1 5.427178321
47 1 1 1 5.437075790
47 1 1 1 5.378373282
47 1 1 1 5.393969344
47 1 1 1 5.396147687
47 1 1 1 5.396895872
47 1 1 1 5.411810960
47 1 1 1 5.384361558
47 1 1 1 5.396832902
47 1 1 1 5.416059156
47 1 1 1 5.502481549
47 1 1 1 5.437883655
47 1 1 1 5.392527486
47 1 1 1 5.369552719
47 1 1 1 5.421530648
47 1 1 1 5.416549368
47 1 1 1 6.680520998
47 1 1 1 6.682573211
47 1 1 1 6.664719374
47 1 1 1 6.684871774
47 1 1 1 6.678694058
47 1 1 1 6.665832241
47 1 1 1 6.693889118
47 1 1 1 6.696612264
47 1 1 1 6.750806196
47 1 1 1 6.718191561
47 1 1 1 6.720275984
47 1 1 1 6.695991990
47 1 1 1 6.770381581
47 1 1 1 5.498276554
47 1 1 1 5.543756333
47 1 1 1 5.590512321
47 1 1 1 5.470012335
47 1 1 1 5.472704762
47 1 1 1 6.104453010
47 1 1 1 6.053789139
47 1 1 1 6.135573905
47 1 1 1 6.063597008
47 1 1 1 6.079263061
47 1 1 1 6.063803479
47 1 1 1 6.066235224
47 1 1 1 6.083199614
47 1 1 1 6.113265842
47 1 1 1 6.077852083
47 1 1 1 6.054516214
47 1 1 1 5.510535936
47 1 1 1 5.475123116
47 1 1 1 5.591444366
47 1 1 1 5.183223584
47 1 1 1 5.220193294
47 1 1 1 5.344345700
47 1 1 1 5.308095215
47 1 1 1 5.279968377
47 1 1 1 5.288980502
47 1 1 1 5.291844529
47 1 1 1 5.294132082
47 1 1 1 5.319990145
47 1 1 1 5.280300890
47 1 1 1 5.283659941
47 1 1 1 5.279947968
47 1 1 1 5.352481128
47 1 1 1 5.169992245
47 1 1 1 5.148914491
47 1 1 1 5.203388903
47 1 1 1 6.362185409
47 1 1 1 6.385796910
47 1 1 1 5.547049513
47 1 1 1 5.544051684
47 1 1 1 5.535138742
47 1 1 1 5.578576410
47 1 1 1 5.561252077
47 1 1 1 5.570705664
47 1 1 1 5.586100094
47 1 1 1 5.585693843
47 1 1 1 5.567105732
47 1 1 1 5.550800365
47 1 1 1 5.563327039
47 1 1 1 5.179190181
47 1 1 1 5.159287312
47 1 1 1 5.433237818
47 1 1 1 6.258208762
47 1 1 1 6.267531227
47 1 1 1 6.699424041
47 1 1 1 6.243248984
47 1 1 1 6.249447230
47 1 1 1 6.273133291
47 1 1 1 6.275021562
47 1 1 1 6.256283810
47 1 1 1 6.241966956
47 1 1 1 6.266767873
47 1 1 1 6.246987906
47 1 1 1 6.742147774
47 1 1 1 6.264640020
