179 1 1 1 3345.434640468
179 1 1 1 3337.635460808
179 1 1 1 3215.751984977
179 1 1 1 3761.882964561
179 1 1 1 3209.965143337
179 1 1 1 3053.202180587
179 1 1 1 3656.246486157
179 1 1 1 3909.637348387
179 1 1 1 4352.579039628
179 1 1 1 3765.314801341
179 1 1 1 4037.178653656
179 1 1 1 3427.848691949
179 1 1 1 3645.153359608
179 1 1 1 3672.337802499
179 1 1 1 3782.187982070
179 1 1 1 3623.654024664
179 1 1 1 3709.231244026
179 1 1 1 3319.408718381
179 1 1 1 3654.711581763
179 1 1 1 3349.001585096
179 1 1 1 3706.912258126
179 1 1 1 3227.709410094
179 1 1 1 3721.910494323
179 1 1 1 4821.830222150
179 1 1 1 3617.275927441
179 1 1 1 3760.316509964
179 1 1 1 3548.847247925
179 1 1 1 3535.523264032
179 1 1 1 3340.423675398
179 1 1 1 3830.915765536
179 1 1 1 3540.370386281
179 1 1 1 3215.173706794
179 1 1 1 3055.536418450
179 1 1 1 3227.741209421
179 1 1 1 3145.433565095
179 1 1 1 3893.358639132
179 1 1 1 3867.535275780
179 1 1 1 3516.044961207
179 1 1 1 3599.044212076
179 1 1 1 3503.742023413
179 1 1 1 3836.266078173
179 1 1 1 3817.109998234
179 1 1 1 3250.197318297
179 1 1 1 3288.983775033
179 1 1 1 3905.674733453
179 1 1 1 3408.670929767
179 1 1 1 3732.707587280
179 1 1 1 4042.434703483
179 1 1 1 3375.377446256
179 1 1 1 4026.650663159
179 1 1 1 3554.536428632
179 1 1 1 3793.007503910
179 1 1 1 3290.134652119
179 1 1 1 3688.050086216
179 1 1 1 3446.428739828
179 1 1 1 3143.267899937
179 1 1 1 3508.644995022
179 1 1 1 3516.898520665
179 1 1 1 3680.569931647
179 1 1 1 5164.526530257
179 1 1 1 3192.007976024
179 1 1 1 4029.767467833
179 1 1 1 3482.741630936
179 1 1 1 3389.100660631
179 1 1 1 4613.218091837
179 1 1 1 3786.548269204
179 1 1 1 3413.057561622
179 1 1 1 4167.239179456
179 1 1 1 4578.381202218
179 1 1 1 3517.036634885
179 1 1 1 3156.960770312
179 1 1 1 4524.190056098
179 1 1 1 3876.977620636
179 1 1 1 3646.959292908
179 1 1 1 3241.721845392
179 1 1 1 4764.021078260
179 1 1 1 3725.205447941
179 1 1 1 3461.940394494
179 1 1 1 3659.953855047
179 1 1 1 3670.951349322
179 1 1 1 4206.980984053
179 1 1 1 3655.143194636
179 1 1 1 3711.714686098
179 1 1 1 3447.940390296
179 1 1 0 1301.060798763
179 1 1 1 3513.278070638
179 1 1 1 3295.716682181
179 1 1 1 3641.957456709
179 1 1 1 3748.109202964
179 1 1 1 3770.045617240
179 1 1 1 4530.413662963
179 1 1 1 3594.634407328
179 1 1 1 3338.027765017
179 1 1 1 3591.266159836
179 1 1 1 3605.960304601
179 1 1 1 3508.411381609
179 1 1 1 3448.627202049
179 1 1 1 3316.526980767
179 1 1 1 3997.556296331
179 1 1 1 3656.633420713
179 1 1 1 3750.180215937
179 1 1 1 3933.024511419
179 1 1 1 3558.609701490
179 1 1 1 3728.619219520
179 1 1 1 4026.584770984
179 1 1 1 3220.200570187
179 1 1 1 3678.838250133
179 1 1 1 3114.542505409
179 1 1 1 3432.268823086
179 1 1 1 3200.987319678
179 1 1 1 3132.965408142
179 1 1 1 3365.157388841
179 1 1 1 3712.507556909
179 1 1 1 3052.975806109
179 1 1 1 3404.615506776
179 1 1 1 3703.567998782
179 1 1 1 3387.352170525
179 1 1 1 3649.726013908
179 1 1 1 3495.076784175
179 1 1 1 3080.793032695
179 1 1 1 3422.260572085
179 1 1 1 3438.401276571
179 1 1 1 3665.631453155
179 1 1 1 3375.128971013
179 1 1 1 3901.776455658
179 1 1 1 3500.854788946
179 1 1 1 3378.881094133
179 1 1 1 3046.738655285
