139 1 1 1 686.863413807
139 1 1 1 578.091820051
139 1 1 1 503.910633328
139 1 1 1 603.070450284
139 1 1 1 556.511131603
139 1 1 1 581.641253471
139 1 1 1 676.402772938
139 1 1 1 874.103170981
139 1 1 1 590.584508250
139 1 1 1 623.815341926
139 1 1 1 595.104928690
139 1 1 1 539.928401495
139 1 1 1 705.297751553
139 1 1 1 543.192719144
139 1 1 1 685.264557650
139 1 1 1 702.453736644
139 1 1 1 629.988784231
139 1 1 1 670.751360531
139 1 1 1 625.837667073
139 1 1 1 739.313851209
139 1 1 1 585.938215909
139 1 1 1 582.616408523
139 1 1 1 668.915653663
139 1 1 1 554.892497972
139 1 1 1 779.486264373
139 1 1 1 795.624465937
139 1 1 1 681.934424657
139 1 1 1 747.271944352
139 1 1 1 593.277871995
139 1 1 1 625.026927082
139 1 1 1 886.022327248
139 1 1 1 739.242097335
139 1 1 1 480.731054806
139 1 1 1 887.745254587
139 1 1 1 778.098791978
139 1 1 1 631.374153131
139 1 1 1 724.864634295
139 1 1 1 609.757483008
139 1 1 1 615.391611180
139 1 1 1 750.329758245
139 1 1 1 604.087064226
139 1 1 1 650.403047722
139 1 1 1 653.243354659
139 1 1 1 573.121325903
139 1 1 1 545.998998528
139 1 1 1 555.421282066
139 1 1 1 582.392504653
139 1 1 1 699.977798594
139 1 1 1 691.982988626
139 1 1 1 612.570004450
139 1 1 1 611.184966902
139 1 1 1 781.493805185
139 1 1 1 540.913784276
139 1 1 1 696.459797383
139 1 1 1 535.096749994
139 1 1 1 738.956921084
139 1 1 1 597.661886331
139 1 1 1 576.272357303
139 1 1 1 636.347029893
139 1 1 1 655.697001955
139 1 1 1 681.946461090
139 1 1 1 686.168154338
139 1 1 1 587.309826701
139 1 1 1 586.948568826
139 1 1 1 784.414000673
139 1 1 1 676.235649000
139 1 1 1 601.667897513
139 1 1 1 829.352424379
139 1 1 1 680.531043699
139 1 1 1 677.082934829
139 1 1 1 631.587200025
139 1 1 1 683.403871340
139 1 1 1 497.168027108
139 1 1 1 680.412920951
139 1 1 1 679.457563417
139 1 1 1 662.074374457
139 1 1 1 515.049758404
139 1 1 1 514.616408190
139 1 1 1 572.580761268
139 1 1 1 621.874254775
139 1 1 1 783.158237313
139 1 1 1 790.952295819
139 1 1 1 706.912792689
139 1 1 1 576.963834887
139 1 1 1 719.035755057
139 1 1 1 675.560154055
139 1 1 1 601.268067767
139 1 1 1 599.780689013
139 1 1 1 779.522511591
139 1 1 1 619.590849605
139 1 1 1 694.713367362
139 1 1 1 664.832106167
139 1 1 1 551.917932445
139 1 1 1 628.362789616
139 1 1 1 716.270216571
139 1 1 1 718.469068409
139 1 1 1 675.701548257
139 1 1 1 620.970365976
139 1 1 1 569.398118836
139 1 1 1 628.314317401
139 1 1 1 758.656019171
139 1 1 1 585.894983468
139 1 1 1 788.821614409
139 1 1 1 586.418340367
139 1 1 1 710.367234135
139 1 1 1 576.615675995
139 1 1 1 582.664029960
139 1 1 1 619.168431395
139 1 1 1 691.148677214
139 1 1 1 763.525611617
139 1 1 1 640.400699229
139 1 1 1 752.971139051
139 1 1 1 829.121328725
139 1 1 1 600.691369271
139 1 1 1 540.230787758
139 1 1 1 676.804706551
139 1 1 1 630.959758500
139 1 1 1 749.469806029
139 1 1 1 594.034109327
139 1 1 1 599.337879136
139 1 1 1 721.147579887
139 1 1 1 646.865947578
139 1 1 1 699.568208740
139 1 1 1 575.490889994
139 1 1 1 640.743382738
139 1 1 1 558.314371336
139 1 1 1 567.990996465
139 1 1 1 657.901443258
