173 1 1 1 2315.668695272
173 1 1 1 2518.246858380
173 1 1 1 2434.849475620
173 1 1 1 2838.955544478
173 1 1 1 2546.681114268
173 1 1 1 2931.578690616
173 1 1 1 2535.752569079
173 1 1 1 2892.962251389
173 1 1 1 2974.137117595
173 1 1 1 3065.956736483
173 1 1 1 2431.713723882
173 1 1 1 2925.126014229
173 1 1 1 2987.688793770
173 1 1 1 2350.417073943
173 1 1 1 2722.112248816
173 1 1 1 3636.998686493
173 1 1 1 3639.673195047
173 1 1 1 2754.792562686
173 1 1 1 3234.619779613
173 1 1 1 2886.950470474
173 1 1 1 2767.456563617
173 1 1 1 3227.151431031
173 1 1 1 2634.066646969
173 1 1 1 3006.999352363
173 1 1 1 3541.797764245
173 1 1 1 2657.810620377
173 1 1 1 2775.690707434
173 1 1 1 2844.454560570
173 1 1 1 2530.662294412
173 1 1 1 2994.366124640
173 1 1 1 2778.845065372
173 1 1 1 2838.141332564
173 1 1 1 3049.276940786
173 1 1 1 3375.828348851
173 1 1 1 2391.747073540
173 1 1 1 2601.632113521
173 1 1 1 3038.081998368
173 1 1 1 3310.161447230
173 1 1 1 2889.791138793
173 1 1 1 2708.950723527
173 1 1 1 3449.796658322
173 1 1 1 3216.414919325
173 1 1 1 2896.517994856
173 1 1 1 2304.459022121
173 1 1 1 3346.119089320
173 1 1 1 3048.665614041
173 1 1 1 2746.257997687
173 1 1 1 2832.346380756
173 1 1 1 2879.527344517
173 1 1 1 2696.449212980
173 1 1 1 2706.593249496
173 1 1 1 2820.539524637
173 1 1 1 3083.927761227
173 1 1 1 2735.102742482
173 1 1 1 2621.868995221
173 1 1 1 2571.209648722
173 1 1 1 2938.400300616
173 1 1 1 2958.185566969
173 1 1 1 2673.551800623
173 1 1 1 2912.500523625
173 1 1 1 2700.524981555
173 1 1 1 2950.140794892
173 1 1 1 2967.051341771
173 1 1 1 2614.837027890
173 1 1 1 2489.942385573
173 1 1 1 3073.381462247
173 1 1 1 2614.435659512
173 1 1 1 2898.468767821
173 1 1 1 2400.967338390
173 1 1 1 3044.619433622
173 1 1 1 3311.420951861
173 1 1 1 3003.721037342
173 1 1 1 2436.355978889
173 1 1 1 2654.634665932
173 1 1 1 2657.303958794
173 1 1 1 2844.881656610
173 1 1 1 3309.946785023
173 1 1 1 2858.927665988
173 1 1 1 3027.404014285
173 1 1 1 3233.888797017
173 1 1 1 3097.419052735
173 1 1 1 2866.412415457
173 1 1 1 2594.136241997
173 1 1 1 3142.486802204
173 1 1 1 2673.410975554
173 1 1 1 2880.024306237
173 1 1 1 3070.288645813
173 1 1 1 3134.220622808
173 1 1 1 2241.603638029
173 1 1 1 2754.367310370
173 1 1 1 2323.043443416
173 1 1 1 2776.217043813
173 1 1 1 2741.150811748
173 1 1 1 3378.605899308
173 1 1 1 2966.985260846
173 1 1 1 3061.571061554
173 1 1 1 2685.711669832
173 1 1 1 2836.781322967
173 1 1 1 3048.050795613
173 1 1 1 2859.899231430
173 1 1 1 2852.032355824
173 1 1 1 2634.220438894
173 1 1 0 1404.153529266
173 1 1 1 2760.698879499
173 1 1 1 2748.529497285
173 1 1 1 2693.139543802
173 1 1 1 3685.222536032
173 1 1 1 2682.488721942
173 1 1 1 3080.107442631
173 1 1 1 3108.495510880
173 1 1 1 2659.001579929
173 1 1 1 2816.425863534
173 1 1 1 2829.245995590
173 1 1 1 2873.931326279
173 1 1 1 2563.410742922
173 1 1 1 3180.820280655
173 1 1 1 2597.066756148
173 1 1 1 2851.067685033
173 1 1 1 2721.660265206
173 1 1 1 2980.618728108
173 1 1 1 3015.266911747
173 1 1 1 2939.628968373
173 1 1 1 2791.995939266
173 1 1 1 2791.579686509
173 1 1 1 2904.293709549
173 1 1 1 3490.194833205
173 1 1 1 2967.928357352
173 1 1 1 3399.349038672
