61 1 1 1 16.730558107
61 1 1 1 16.589448868
61 1 1 1 16.836514496
61 1 1 1 16.717679380
61 1 1 1 16.647745655
61 1 1 1 16.878345975
61 1 1 1 16.750561136
61 1 1 1 16.732234377
61 1 1 1 16.824874567
61 1 1 1 16.747464438
61 1 1 1 16.821763069
61 1 1 1 16.749561430
61 1 1 1 16.779425888
61 1 1 1 16.782486555
61 1 1 1 16.811925521
61 1 1 1 16.827524663
61 1 1 1 15.534125067
61 1 1 1 15.586581364
61 1 1 1 15.657766606
61 1 1 1 15.598513817
61 1 1 1 15.649876732
61 1 1 1 15.637220523
61 1 1 1 15.703016379
61 1 1 1 15.764305381
61 1 1 1 15.677257979
61 1 1 1 15.664820892
61 1 1 1 15.718160346
61 1 1 1 15.710308184
61 1 1 1 15.761334566
61 1 1 1 15.748806597
61 1 1 1 15.748263262
61 1 1 1 15.872082500
61 1 1 1 14.298993691
61 1 1 1 14.310070750
61 1 1 1 14.374712142
61 1 1 1 14.412836233
61 1 1 1 14.506403148
61 1 1 1 14.467501652
61 1 1 1 14.555161876
61 1 1 1 14.429787313
61 1 1 1 14.497786782
61 1 1 1 14.468597068
61 1 1 1 14.516845573
61 1 1 1 14.478913003
61 1 1 1 14.573395392
61 1 1 1 14.537590733
61 1 1 1 14.536080316
61 1 1 1 14.496054233
61 1 1 1 15.307624667
61 1 1 1 15.291109889
61 1 1 1 15.365261422
61 1 1 1 15.367238093
61 1 1 1 15.343521167
61 1 1 1 15.362379156
61 1 1 1 15.369592025
61 1 1 1 15.377977379
61 1 1 1 15.343926500
61 1 1 1 15.401447453
61 1 1 1 15.548704723
61 1 1 1 15.460192054
61 1 1 1 15.376720252
61 1 1 1 15.494661617
61 1 1 1 15.567365591
61 1 1 1 15.460362085
61 1 1 1 14.317274571
61 1 1 1 14.311641856
61 1 1 1 14.931520412
61 1 1 1 14.990562976
61 1 1 1 14.960588880
61 1 1 1 15.084871907
61 1 1 1 14.935293742
61 1 1 1 15.042050261
61 1 1 1 14.999467187
61 1 1 1 14.987758539
61 1 1 1 15.042613994
61 1 1 1 15.006155810
61 1 1 1 14.993074877
61 1 1 1 15.350361804
61 1 1 1 15.013210006
61 1 1 1 15.074733232
61 1 1 1 14.996420454
61 1 1 1 15.123280575
61 1 1 1 16.287480602
61 1 1 1 16.254677308
61 1 1 1 16.305479133
61 1 1 1 16.300414937
61 1 1 1 16.377331671
61 1 1 1 16.275682373
61 1 1 1 16.329136124
61 1 1 1 16.354097779
61 1 1 1 16.413109366
61 1 1 1 16.464851225
61 1 1 1 16.322596961
61 1 1 1 16.436393945
61 1 1 1 16.390215141
61 1 1 1 16.447756260
61 1 1 1 15.977774100
61 1 1 1 16.002748235
61 1 1 1 15.737900250
61 1 1 1 15.811261477
61 1 1 1 15.766208507
61 1 1 1 15.561473151
61 1 1 1 15.691692214
61 1 1 1 15.801890724
61 1 1 1 15.558303073
61 1 1 1 15.736772084
61 1 1 1 15.535942249
61 1 1 1 15.830460222
61 1 1 1 15.675780285
61 1 1 1 15.840978842
61 1 1 1 15.514193249
61 1 1 1 15.585263113
61 1 1 1 13.627348292
61 1 1 1 13.630716101
61 1 1 1 16.751208310
61 1 1 1 16.774795781
61 1 1 1 16.881994186
61 1 1 1 16.815083895
61 1 1 1 16.878175045
61 1 1 1 16.888355341
61 1 1 1 16.831882018
61 1 1 1 16.779504567
61 1 1 1 16.947176708
61 1 1 1 16.939682996
61 1 1 1 16.852227841
61 1 1 1 16.932642537
61 1 1 1 16.949342599
61 1 1 1 17.117034930
