43 1 1 1 3.932772400
43 1 1 1 3.870240674
43 1 1 1 3.839187058
43 1 1 1 3.834781822
43 1 1 1 3.837762129
43 1 1 1 3.852403407
43 1 1 1 3.904437550
43 1 1 1 3.841184110
43 1 1 1 3.846941114
43 1 1 1 3.858486463
43 1 1 1 3.866115850
43 1 1 1 3.847624288
43 1 1 1 3.909771391
43 1 1 1 3.865641697
43 1 1 1 3.868749595
43 1 1 1 3.889746141
43 1 1 1 3.864164488
43 1 1 1 3.828758965
43 1 1 1 3.949705471
43 1 1 1 3.905100973
43 1 1 1 3.887350047
43 1 1 1 3.856619852
43 1 1 1 3.905302275
43 1 1 1 3.871447022
43 1 1 1 3.876506682
43 1 1 1 3.874480220
43 1 1 1 3.858259623
43 1 1 1 3.923437164
43 1 1 1 3.888774445
43 1 1 1 3.950302005
43 1 1 1 3.899306339
43 1 1 1 3.930428686
43 1 1 1 4.335540569
43 1 1 1 4.291313123
43 1 1 1 4.336338694
43 1 1 1 4.333812569
43 1 1 1 4.346129152
43 1 1 1 4.363215525
43 1 1 1 4.383983830
43 1 1 1 4.344692414
43 1 1 1 4.408425327
43 1 1 1 4.373386136
43 1 1 1 4.340618809
43 1 1 1 4.395818441
43 1 1 1 4.336464414
43 1 1 1 4.405889851
43 1 1 1 4.384287141
43 1 1 1 4.383752588
43 1 1 1 3.592102274
43 1 1 1 3.632260305
43 1 1 1 3.633377912
43 1 1 1 3.637065944
43 1 1 1 3.649083226
43 1 1 1 3.649803990
43 1 1 1 3.703951145
43 1 1 1 3.648428732
43 1 1 1 3.656257008
43 1 1 1 3.636965063
43 1 1 1 3.608860944
43 1 1 1 3.627531056
43 1 1 1 3.633079310
43 1 1 1 3.668404612
43 1 1 1 3.668328832
43 1 1 1 3.660429254
43 1 1 1 3.383416591
43 1 1 1 3.417597076
43 1 1 1 3.417610376
43 1 1 1 3.432294614
43 1 1 1 3.421142477
43 1 1 1 3.428397911
43 1 1 1 3.431085697
43 1 1 1 3.408481891
43 1 1 1 3.436622129
43 1 1 1 3.411365548
43 1 1 1 3.444380706
43 1 1 1 3.416721400
43 1 1 1 3.438803783
43 1 1 1 3.488580312
43 1 1 1 3.444378936
43 1 1 1 3.430576823
43 1 1 1 3.786837884
43 1 1 1 3.868684435
43 1 1 1 3.762691989
43 1 1 1 3.741608851
43 1 1 1 3.793818225
43 1 1 1 3.773264951
43 1 1 1 3.759629280
43 1 1 1 3.803963796
43 1 1 1 3.786292410
43 1 1 1 3.791846903
43 1 1 1 3.823648065
43 1 1 1 3.795998339
43 1 1 1 3.877656469
43 1 1 1 3.882671678
43 1 1 1 3.946499563
43 1 1 1 3.968720175
43 1 1 1 3.058631090
43 1 1 1 3.067601994
43 1 1 1 3.989156048
43 1 1 1 4.000712957
43 1 1 1 3.982317857
43 1 1 1 3.996642313
43 1 1 1 3.988312564
43 1 1 1 3.997818601
43 1 1 1 4.010357595
43 1 1 1 3.990709237
43 1 1 1 3.994780322
43 1 1 1 4.003826346
43 1 1 1 3.999686452
43 1 1 1 3.991693133
43 1 1 1 3.969304590
43 1 1 1 3.996167460
43 1 1 1 4.097279958
43 1 1 1 4.198683207
43 1 1 1 4.069414230
43 1 1 1 4.126907965
43 1 1 1 4.108083212
43 1 1 1 4.132866541
43 1 1 1 4.139331270
43 1 1 1 4.165651878
43 1 1 1 4.125691048
43 1 1 1 4.115782189
43 1 1 1 4.122590480
43 1 1 1 4.128652196
43 1 1 1 4.146472613
43 1 1 1 4.101345412
43 1 1 1 4.122888642
43 1 1 1 4.142162108
