113 1 1 1 169.071645914
113 1 1 1 173.347520217
113 1 1 1 175.578001945
113 1 1 1 173.391971621
113 1 1 1 175.999508025
113 1 1 1 176.807679907
113 1 1 1 177.507010499
113 1 1 1 171.996134761
113 1 1 1 172.130726773
113 1 1 1 167.320304962
113 1 1 1 165.556122105
113 1 1 1 183.791838487
113 1 1 1 190.167810064
113 1 1 1 190.502928442
113 1 1 1 193.491888148
113 1 1 1 175.940396887
113 1 1 1 176.024817252
113 1 1 1 177.462131464
113 1 1 1 182.468402053
113 1 1 1 175.220080063
113 1 1 1 177.720661663
113 1 1 1 181.112758728
113 1 1 1 186.072716731
113 1 1 1 178.262411032
113 1 1 1 178.659574554
113 1 1 1 175.818021913
113 1 1 1 179.517758342
113 1 1 1 181.345405542
113 1 1 1 168.118791662
113 1 1 1 182.178799678
113 1 1 1 182.548539617
113 1 1 1 182.978859602
113 1 1 1 185.036080255
113 1 1 1 205.407545452
113 1 1 1 184.414623626
113 1 1 1 168.157024006
113 1 1 1 182.452716067
113 1 1 1 183.428612583
113 1 1 1 187.353381922
113 1 1 1 182.155283659
113 1 1 1 170.849990026
113 1 1 1 184.661694863
113 1 1 1 176.229278050
113 1 1 1 177.992800598
113 1 1 1 177.427316997
113 1 1 1 219.161746307
113 1 1 1 170.458049025
113 1 1 1 171.077877376
113 1 1 1 179.444054390
113 1 1 1 182.670613729
113 1 1 1 174.864534120
113 1 1 1 186.603425622
113 1 1 1 192.778302450
113 1 1 1 180.856262758
113 1 1 1 202.817201656
113 1 1 1 170.579531196
113 1 1 1 184.595375357
113 1 1 1 185.006252132
113 1 1 1 200.462453702
113 1 1 1 182.937758538
113 1 1 1 180.117370506
113 1 1 1 174.775872126
113 1 1 1 208.556957392
113 1 1 1 186.411073176
113 1 1 1 179.495378632
113 1 1 1 170.876826992
113 1 1 1 175.779635193
113 1 1 1 185.599145439
113 1 1 1 179.014924041
113 1 1 1 189.589681503
113 1 1 1 193.266806272
113 1 1 1 180.445250894
113 1 1 1 180.066875568
113 1 1 1 187.471754143
113 1 1 1 178.236897886
113 1 1 1 177.365003260
113 1 1 1 172.777076767
113 1 1 1 193.362015633
113 1 1 1 179.686855035
113 1 1 1 186.875477997
113 1 1 1 200.478079174
113 1 1 1 176.185785509
113 1 1 1 278.678160604
113 1 1 1 185.405219889
113 1 1 1 171.092155910
113 1 1 1 181.576605003
113 1 1 1 179.768996021
113 1 1 1 189.695987691
113 1 1 1 177.690763215
113 1 1 1 199.649191443
113 1 1 1 185.226385565
113 1 1 1 176.283063539
113 1 1 1 187.217049628
113 1 1 1 180.989188518
113 1 1 1 183.579277584
113 1 1 1 190.626613442
113 1 1 1 182.123131639
113 1 1 1 180.429842791
113 1 1 1 208.421771832
113 1 1 1 169.928626073
113 1 1 1 174.674718847
113 1 1 1 178.132990960
113 1 1 1 207.710765553
113 1 1 1 181.191825159
113 1 1 1 188.688568444
113 1 1 1 190.889831822
113 1 1 1 173.626048402
113 1 1 1 191.381453934
113 1 1 1 177.019945898
113 1 1 1 187.806577318
113 1 1 1 191.418909594
113 1 1 1 192.068525429
113 1 1 1 201.610165141
113 1 1 1 175.448025814
113 1 1 1 209.811401368
113 1 1 1 181.402425396
113 1 1 1 194.689548642
113 1 1 1 187.082649522
113 1 1 1 177.629734590
113 1 1 1 191.029712363
113 1 1 1 185.155619430
113 1 1 1 181.140009602
113 1 1 1 177.054651896
113 1 1 1 189.074872594
113 1 1 1 190.994470284
113 1 1 1 188.353717736
113 1 1 1 188.382954902
113 1 1 1 188.461699007
