191 1 1 1 4801.003888524
191 1 1 1 5038.318351836
191 1 1 1 5736.426937759
191 1 1 1 5372.591347342
191 1 1 1 4933.205591694
191 1 1 1 5271.554473667
191 1 1 1 5323.607836692
191 1 1 1 4551.469295035
191 1 1 1 5078.015546528
191 1 1 1 4854.147645774
191 1 1 1 5402.182281345
191 1 1 1 5405.590658835
191 1 1 1 5308.355757796
191 1 1 1 5522.364225975
191 1 1 1 5005.885089701
191 1 1 1 4745.306708434
191 1 1 1 6250.761192734
191 1 1 1 4866.376765992
191 1 1 1 4646.231980042
191 1 1 1 5146.756446278
191 1 1 1 5257.845502996
191 1 1 1 5193.815600981
191 1 1 1 6637.459422355
191 1 1 1 5121.029407931
191 1 1 1 4717.867263156
191 1 1 1 4416.439767571
191 1 1 1 5133.975417213
191 1 1 1 4926.344907792
191 1 1 1 5379.269349859
191 1 1 1 5712.011361271
191 1 1 1 5156.704541174
191 1 1 1 6143.960241646
191 1 1 1 5516.249778348
191 1 1 1 4758.128067056
191 1 1 1 5029.157122378
191 1 1 1 4973.238475880
191 1 1 1 4942.370136879
191 1 1 1 4975.134845615
191 1 1 1 4932.791464412
191 1 1 1 5440.331295275
191 1 1 1 4793.313190015
191 1 1 1 5220.326349315
191 1 1 1 5875.568069497
191 1 1 1 5588.377283208
191 1 1 1 4943.235772638
191 1 1 1 4954.972420544
191 1 1 1 5159.552494972
191 1 1 1 5884.133247553
191 1 1 1 5381.960044534
191 1 1 1 4560.605718892
191 1 1 1 4697.500622112
191 1 1 1 5028.926707332
191 1 1 1 4662.405569006
191 1 1 1 5573.312304345
191 1 1 1 5716.860748958
191 1 1 1 5260.496938340
191 1 1 1 5341.366282136
191 1 1 1 4923.354550103
191 1 1 1 5959.252068729
191 1 1 1 4588.088072959
191 1 1 1 4993.442540935
191 1 1 1 6648.923834920
191 1 1 1 5336.360111086
191 1 1 1 5141.010675065
191 1 1 1 4664.386208155
191 1 1 1 4609.978960288
191 1 1 1 5573.526738631
191 1 1 1 4831.211433474
191 1 1 1 4942.412162364
191 1 1 1 4694.442455572
191 1 1 1 4630.704043406
191 1 1 1 5055.841668864
191 1 1 1 5387.725544511
191 1 1 1 5022.856125717
191 1 1 1 5468.020900309
191 1 1 1 4612.153077693
191 1 1 1 5290.034194274
191 1 1 1 5558.236182053
191 1 1 1 6880.748642816
191 1 1 1 4961.067642122
191 1 1 1 4801.481666306
191 1 1 1 6000.469484126
191 1 1 1 5190.640609639
191 1 1 1 6277.021018540
191 1 1 1 5180.153838916
191 1 1 1 5133.146930625
191 1 1 1 5451.714139350
191 1 1 1 5061.636631310
191 1 1 1 5379.735378447
191 1 1 1 5838.859327432
191 1 1 1 5593.063643135
191 1 1 1 5601.415288280
191 1 1 1 5019.125591578
191 1 1 1 4981.605178534
191 1 1 1 5096.462388588
191 1 1 1 5252.081914682
191 1 1 1 6854.691875645
191 1 1 1 4625.375572824
191 1 1 1 6989.024844947
191 1 1 1 5097.415290233
191 1 1 1 4689.146826067
191 1 1 1 5263.494860071
191 1 1 1 5545.480883591
191 1 1 1 5105.109538122
191 1 1 1 4753.135824678
191 1 1 1 4432.654378717
191 1 1 1 5135.227043803
191 1 1 1 5356.471602240
191 1 1 1 5520.822403241
191 1 1 1 5145.999612401
191 1 1 1 4499.495310856
191 1 1 1 5676.186932516
191 1 1 1 5456.640319717
191 1 1 1 5145.718530215
191 1 1 1 5013.230760437
191 1 1 1 5309.112818951
191 1 1 1 5843.334494610
191 1 1 1 6241.602309279
191 1 1 1 5306.864281915
191 1 1 1 4604.791159731
191 1 1 1 5285.424775513
191 1 1 1 4748.054196272
191 1 1 1 5401.865729425
191 1 1 1 5371.086855157
191 1 1 1 4819.876498901
191 1 1 1 5257.936412684
191 1 1 1 7251.083408146
191 1 1 1 5177.126832552
