181 1 1 1 3880.324084762
181 1 1 1 3883.938775114
181 1 1 1 3916.842801259
181 1 1 1 3958.914432770
181 1 1 1 4074.131274751
181 1 1 1 4080.683532897
181 1 1 1 4108.821609356
181 1 1 1 4120.647206013
181 1 1 1 4139.229141243
181 1 1 1 4143.147671984
181 1 1 1 4143.759087733
181 1 1 1 4148.363547052
181 1 1 1 4148.824253469
181 1 1 1 4150.781236052
181 1 1 1 4152.926350199
181 1 1 1 4155.584938487
181 1 1 1 3468.935208432
181 1 1 1 3550.815446041
181 1 1 1 3509.041898984
181 1 1 1 3383.398557803
181 1 1 1 3615.784230018
181 1 1 1 3597.629722464
181 1 1 1 3889.535225752
181 1 1 1 3716.605044544
181 1 1 1 3771.088672727
181 1 1 1 3932.683608400
181 1 1 1 3871.972281449
181 1 1 1 3919.942444140
181 1 1 1 3926.700627861
181 1 1 1 4032.995488375
181 1 1 1 4033.707293015
181 1 1 1 4173.506030406
181 1 1 1 3208.926616579
181 1 1 1 3597.136361738
181 1 1 1 3558.587064102
181 1 1 1 3535.309610297
181 1 1 1 3225.917056963
181 1 1 1 3744.346855406
181 1 1 1 3404.313956526
181 1 1 1 4061.440986307
181 1 1 1 3853.442555751
181 1 1 1 3653.768128634
181 1 1 1 3865.382882495
181 1 1 1 3720.352091660
181 1 1 1 3688.846956664
181 1 1 1 4044.345132893
181 1 1 1 3783.113111075
181 1 1 1 4125.516729316
181 1 1 1 3229.789825549
181 1 1 1 3287.668093415
181 1 1 1 3537.010546677
181 1 1 1 3601.278083638
181 1 1 1 3646.801800333
181 1 1 1 3231.017733138
181 1 1 1 3819.094698623
181 1 1 1 3676.005160508
181 1 1 1 3935.583957094
181 1 1 1 3854.381055919
181 1 1 1 3815.805949781
181 1 1 1 3915.869915937
181 1 1 1 3655.920076627
181 1 1 1 3912.312490300
181 1 1 1 3772.651393881
181 1 1 1 3777.495569404
181 1 1 1 3668.679236629
181 1 1 1 3814.747500266
181 1 1 1 3607.558768944
181 1 1 1 3464.251075134
181 1 1 1 3877.363794800
181 1 1 1 3647.039517854
181 1 1 1 3564.230749726
181 1 1 1 3751.593153067
181 1 1 1 3867.533095598
181 1 1 1 3861.558393872
181 1 1 1 3765.922105023
181 1 1 1 3931.057190499
181 1 1 1 4209.792471973
181 1 1 1 4076.389875996
181 1 1 1 3994.210523943
181 1 1 1 4180.268470960
181 1 1 1 3549.696675358
181 1 1 1 3599.691910904
181 1 1 1 3602.599056178
181 1 1 1 3644.130073999
181 1 1 1 3797.013377947
181 1 1 1 4135.716437692
181 1 1 1 3457.964660673
181 1 1 1 4052.108740574
181 1 1 1 3550.483099994
181 1 1 1 4008.101689705
181 1 1 1 3704.093447811
181 1 1 1 3918.475434340
181 1 1 1 3314.859304056
181 1 1 1 3758.305664269
181 1 1 1 3919.478495799
181 1 1 1 3795.574408370
181 1 1 1 3291.193488420
181 1 1 1 3496.431647830
181 1 1 1 3556.993859281
181 1 1 1 3652.366664758
181 1 1 1 3605.012139754
181 1 1 1 3845.456299660
181 1 1 1 4304.517810146
181 1 1 1 3697.068335959
181 1 1 1 3657.454693183
181 1 1 1 3936.703099491
181 1 1 1 3538.552367979
181 1 1 1 3603.691284995
181 1 1 1 3709.165470477
181 1 1 1 4205.643499795
181 1 1 1 3761.776776165
181 1 1 1 3865.070717790
181 1 1 1 3073.661239950
181 1 1 1 3368.014036251
181 1 1 1 3603.760837199
181 1 1 1 3936.421400532
181 1 1 1 3593.324306988
181 1 1 1 3565.228946194
181 1 1 1 3567.089720175
181 1 1 1 3759.142347140
181 1 1 1 4296.713065099
181 1 1 1 3628.495458603
181 1 1 1 3865.382640999
181 1 1 1 3794.887273932
181 1 1 1 4532.275653663
181 1 1 1 3735.754327020
181 1 1 1 3952.691801471
181 1 1 1 4211.614305108
