137 1 1 1 566.993538284
137 1 1 1 525.749475524
137 1 1 1 500.372154942
137 1 1 1 576.483302043
137 1 1 1 663.264571835
137 1 1 1 498.379559850
137 1 1 1 518.628008973
137 1 1 1 595.942988717
137 1 1 1 604.794102927
137 1 1 1 520.097891691
137 1 1 1 537.215847950
137 1 1 1 595.789434725
137 1 1 1 607.341501443
137 1 1 1 492.427637642
137 1 1 1 590.796291769
137 1 1 1 555.188597855
137 1 1 1 557.797170285
137 1 1 1 690.378239024
137 1 1 1 554.614468986
137 1 1 1 657.877842199
137 1 1 1 382.209280078
137 1 1 1 566.038596066
137 1 1 1 595.632953361
137 1 1 1 607.306628830
137 1 1 1 541.366445838
137 1 1 1 546.933544320
137 1 1 1 632.444835369
137 1 1 1 526.906861123
137 1 1 1 534.034634380
137 1 1 1 516.933529612
137 1 1 1 524.824574878
137 1 1 1 524.236209773
137 1 1 1 512.370315640
137 1 1 1 671.349738096
137 1 1 1 438.942192570
137 1 1 1 528.706615167
137 1 1 1 722.414898937
137 1 1 1 608.030490595
137 1 1 1 742.392023763
137 1 1 1 611.554592295
137 1 1 1 610.853802148
137 1 1 1 621.837115109
137 1 1 1 610.592600757
137 1 1 1 498.309169870
137 1 1 1 603.595111482
137 1 1 1 587.119570210
137 1 1 1 662.419552169
137 1 1 1 535.068954319
137 1 1 1 592.152742051
137 1 1 1 554.762952501
137 1 1 1 551.236621776
137 1 1 1 606.180514520
137 1 1 1 451.222921148
137 1 1 1 565.710608969
137 1 1 1 682.164822429
137 1 1 1 631.768631803
137 1 1 1 603.236849873
137 1 1 1 612.144578943
137 1 1 1 663.767316452
137 1 1 1 517.558424831
137 1 1 1 650.226172923
137 1 1 1 677.318038108
137 1 1 1 526.994352007
137 1 1 1 660.747034092
137 1 1 1 480.029428645
137 1 1 1 454.952113915
137 1 1 1 842.182906338
137 1 1 1 567.566209537
137 1 1 1 665.655561101
137 1 1 1 550.035857864
137 1 1 1 530.329303900
137 1 1 1 520.646303902
137 1 1 1 583.657974693
137 1 1 1 587.419009090
137 1 1 1 725.497086939
137 1 1 1 537.328392619
137 1 1 1 689.690900189
137 1 1 1 539.200485666
137 1 1 1 491.029057512
137 1 1 1 567.849087294
137 1 1 1 535.439272171
137 1 1 1 809.792237145
137 1 1 1 547.972168629
137 1 1 1 535.922043850
137 1 1 1 615.571310749
137 1 1 1 513.302961542
137 1 1 1 571.614750654
137 1 1 1 757.273407914
137 1 1 1 586.158520135
137 1 1 1 554.229261325
137 1 1 1 772.412611759
137 1 1 1 611.897292863
137 1 1 1 671.585831672
137 1 1 1 676.584048828
137 1 1 1 603.990140277
137 1 1 1 517.584574834
137 1 1 1 579.441911825
137 1 1 1 432.490813392
137 1 1 1 636.836363219
137 1 1 1 787.559675066
137 1 1 1 563.782380104
137 1 1 1 500.255480371
137 1 1 1 582.250765309
137 1 1 1 707.860406199
137 1 1 1 527.702006325
137 1 1 1 579.576156998
137 1 1 1 505.792747813
137 1 1 1 597.825098970
137 1 1 1 642.989902912
137 1 1 1 467.465404339
137 1 1 1 553.845366746
137 1 1 1 703.932723708
137 1 1 1 596.518591581
137 1 1 1 497.697754523
137 1 1 1 501.128480119
137 1 1 1 612.965979510
137 1 1 1 762.459522623
137 1 1 1 563.240848045
137 1 1 1 626.526250925
137 1 1 1 595.278710992
137 1 1 1 583.424461274
137 1 1 1 590.870478591
137 1 1 1 528.817346184
137 1 1 1 661.469811826
137 1 1 1 551.478585907
137 1 1 1 667.969578771
137 1 1 1 596.231644005
137 1 1 1 579.925978681
