97 1 1 1 99.342073239
97 1 1 1 99.501671935
97 1 1 1 100.005204197
97 1 1 1 100.223514216
97 1 1 1 100.133716854
97 1 1 1 97.310984528
97 1 1 1 97.288818752
97 1 1 1 97.700983968
97 1 1 1 97.945363592
97 1 1 1 99.248319013
97 1 1 1 99.654991819
97 1 1 1 100.106081329
97 1 1 1 91.074476684
97 1 1 1 92.831465481
97 1 1 1 93.463781671
97 1 1 1 94.075697835
97 1 1 1 95.482418136
97 1 1 1 96.277974494
97 1 1 1 99.870794412
97 1 1 1 100.610154859
97 1 1 1 100.895004398
97 1 1 1 88.379561655
97 1 1 1 89.188750812
97 1 1 1 96.089487894
97 1 1 1 96.294237174
97 1 1 1 96.200258067
97 1 1 1 112.648116844
97 1 1 1 113.085435368
97 1 1 1 94.575585951
97 1 1 1 102.575170797
97 1 1 1 101.021745225
97 1 1 1 101.609193088
97 1 1 1 91.328826163
97 1 1 1 91.117905043
97 1 1 1 100.931514009
97 1 1 1 108.081079644
97 1 1 1 107.944726943
97 1 1 1 88.519246672
97 1 1 1 93.981178630
97 1 1 1 94.819688178
97 1 1 1 94.125675665
97 1 1 1 101.685371718
97 1 1 1 96.560105713
97 1 1 1 96.015637738
97 1 1 1 94.705069367
97 1 1 1 92.246834540
97 1 1 1 94.483710443
97 1 1 1 99.392949095
97 1 1 1 90.664220523
97 1 1 1 94.725319949
97 1 1 1 100.355146700
97 1 1 1 96.588145639
97 1 1 1 96.573693085
97 1 1 1 94.087848582
97 1 1 1 99.327664125
97 1 1 1 95.920480256
97 1 1 1 95.792271611
97 1 1 1 96.195578551
97 1 1 1 91.393081747
97 1 1 1 91.677314659
97 1 1 1 85.160412674
97 1 1 1 98.561349923
97 1 1 1 110.929850112
97 1 1 1 114.766842399
97 1 1 1 96.149363329
97 1 1 1 96.137554804
97 1 1 1 99.150865367
97 1 1 1 91.864464307
97 1 1 1 97.841576300
97 1 1 1 99.111773034
97 1 1 1 95.344902072
97 1 1 1 91.517400283
97 1 1 1 96.598406056
97 1 1 1 98.404089729
97 1 1 1 88.703350268
97 1 1 1 96.898939181
97 1 1 1 96.023993113
97 1 1 1 97.495633464
97 1 1 1 103.412932835
97 1 1 1 108.020060042
97 1 1 1 93.776375955
97 1 1 1 94.097774569
97 1 1 1 93.850862286
97 1 1 1 95.311285418
97 1 1 1 94.686749807
97 1 1 1 95.196564414
97 1 1 1 94.934571528
97 1 1 1 95.613391310
97 1 1 1 89.720897168
97 1 1 1 96.410284943
97 1 1 1 94.346579732
97 1 1 1 94.569269856
97 1 1 1 103.168154626
97 1 1 1 90.417546843
97 1 1 1 102.201992439
97 1 1 1 86.449097594
97 1 1 1 91.991808747
97 1 1 1 91.686654068
97 1 1 1 93.231943892
97 1 1 1 92.313442815
97 1 1 1 92.273496280
97 1 1 1 99.711069710
97 1 1 1 91.580736242
97 1 1 1 97.587246648
97 1 1 1 101.583774633
97 1 1 1 97.904177998
97 1 1 1 98.521505163
97 1 1 1 94.386668760
97 1 1 1 92.355540505
97 1 1 1 96.763359511
97 1 1 1 94.805197166
97 1 1 1 93.548849321
97 1 1 1 91.785061831
97 1 1 1 98.346942126
97 1 1 1 98.080235859
97 1 1 1 94.694608330
97 1 1 1 93.072745991
97 1 1 1 91.932370260
97 1 1 1 94.723430436
97 1 1 1 95.423697976
97 1 1 1 96.357836432
97 1 1 1 109.771863008
97 1 1 1 99.894149808
97 1 1 1 92.999833818
97 1 1 1 96.849035190
97 1 1 1 95.521754624
97 1 1 1 99.506661397
97 1 1 1 105.214902012
