79 1 1 1 40.204741347
79 1 1 1 40.524788147
79 1 1 1 40.718997179
79 1 1 1 40.822292176
79 1 1 1 41.163807327
79 1 1 1 41.036736818
79 1 1 1 41.022708885
79 1 1 1 41.183334715
79 1 1 1 41.237755212
79 1 1 1 41.256196888
79 1 1 1 41.155753086
79 1 1 1 41.163674561
79 1 1 1 41.286271769
79 1 1 1 41.294362923
79 1 1 1 41.405360198
79 1 1 1 41.497148182
79 1 1 1 42.842637616
79 1 1 1 43.463653173
79 1 1 1 43.481364085
79 1 1 1 43.668745144
79 1 1 1 43.672359095
79 1 1 1 43.603069262
79 1 1 1 43.677097408
79 1 1 1 43.783554120
79 1 1 1 43.693746948
79 1 1 1 43.685520326
79 1 1 1 43.757354103
79 1 1 1 43.865812922
79 1 1 1 43.789741266
79 1 1 1 46.371107601
79 1 1 1 46.671885504
79 1 1 1 46.772792460
79 1 1 1 41.343416474
79 1 1 1 42.360091899
79 1 1 1 41.432804836
79 1 1 1 41.273272376
79 1 1 1 43.458333568
79 1 1 1 43.492251431
79 1 1 1 43.508680269
79 1 1 1 43.605843569
79 1 1 1 43.738725738
79 1 1 1 43.674234414
79 1 1 1 43.650785078
79 1 1 1 43.727356752
79 1 1 1 44.484821389
79 1 1 1 43.421717439
79 1 1 1 43.528396858
79 1 1 1 47.353835750
79 1 1 1 42.926922507
79 1 1 1 42.768352012
79 1 1 1 43.083856843
79 1 1 1 43.351302342
79 1 1 1 42.028258011
79 1 1 1 42.196277463
79 1 1 1 42.249310648
79 1 1 1 41.836270098
79 1 1 1 42.472434582
79 1 1 1 42.473451170
79 1 1 1 42.557318286
79 1 1 1 42.580701381
79 1 1 1 41.916222151
79 1 1 1 41.283706081
79 1 1 1 40.162431063
79 1 1 1 43.683579891
79 1 1 1 40.057086446
79 1 1 1 40.357578324
79 1 1 1 40.334925923
79 1 1 1 40.412360619
79 1 1 1 40.077030336
79 1 1 1 41.254610318
79 1 1 1 41.228607873
79 1 1 1 42.011649061
79 1 1 1 41.192626455
79 1 1 1 41.222785502
79 1 1 1 41.972802620
79 1 1 1 42.061383250
79 1 1 1 41.328297173
79 1 1 1 42.281261392
79 1 1 1 39.107389813
79 1 1 1 39.655844806
79 1 1 1 41.020271559
79 1 1 1 42.166492197
79 1 1 1 39.291007759
79 1 1 1 42.653952273
79 1 1 1 39.613293089
79 1 1 1 42.520617388
79 1 1 1 39.647526188
79 1 1 1 39.892366796
79 1 1 1 39.971971445
79 1 1 1 40.036881178
79 1 1 1 39.943968125
79 1 1 1 42.900775234
79 1 1 1 44.120192857
79 1 1 1 44.951066725
79 1 1 1 45.121414596
79 1 1 1 45.205271216
79 1 1 1 43.786354414
79 1 1 1 43.789379699
79 1 1 1 44.434008429
79 1 1 1 44.274989362
79 1 1 1 44.405941471
79 1 1 1 44.441078159
79 1 1 1 44.332369468
79 1 1 1 44.469042382
79 1 1 1 39.411314981
79 1 1 1 44.242670874
79 1 1 1 39.487633036
79 1 1 1 44.430844286
79 1 1 1 44.690260097
79 1 1 1 43.381580005
79 1 1 1 43.546326257
79 1 1 1 44.542581587
79 1 1 1 41.698289546
79 1 1 1 42.321081253
79 1 1 1 42.415068532
79 1 1 1 42.566539078
79 1 1 1 43.645023257
79 1 1 1 43.527137915
79 1 1 1 43.277124873
79 1 1 1 43.690592287
79 1 1 1 43.935620853
79 1 1 1 44.344706715
79 1 1 1 46.938943737
79 1 1 1 47.028827250
79 1 1 1 47.302186213
79 1 1 1 42.641409400
79 1 1 1 44.015430731
79 1 1 1 44.155121109
