163 1 1 1 1688.120129200
163 1 1 1 1889.936143828
163 1 1 1 1900.007894852
163 1 1 1 1691.908727786
163 1 1 1 1877.238164605
163 1 1 1 2023.622431028
163 1 1 1 2107.025320482
163 1 1 1 1872.161867826
163 1 1 1 1710.916297698
163 1 1 1 1879.528454158
163 1 1 1 2072.937620482
163 1 1 1 2082.820221537
163 1 1 1 1792.809191437
163 1 1 1 2017.043069636
163 1 1 1 1712.430583988
163 1 1 1 1788.478391612
163 1 1 1 2010.510196541
163 1 1 1 1888.217991888
163 1 1 1 2277.431518032
163 1 1 1 2299.916080481
163 1 1 1 1785.531081495
163 1 1 1 1672.468643598
163 1 1 1 1718.859592457
163 1 1 1 2368.273713930
163 1 1 1 1721.776911081
163 1 1 1 2028.717449919
163 1 1 1 1914.724632235
163 1 1 1 2146.166733169
163 1 1 1 1759.855805911
163 1 1 1 1972.469930517
163 1 1 1 2034.378922273
163 1 1 1 2082.906703734
163 1 1 1 1618.059713307
163 1 1 1 1920.229497307
163 1 1 1 1891.863344124
163 1 1 1 1950.080829190
163 1 1 1 1940.730449606
163 1 1 1 1956.640548446
163 1 1 1 2047.815570700
163 1 1 1 2012.103000430
163 1 1 1 1950.767146087
163 1 1 1 2063.626680324
163 1 1 1 1803.231685801
163 1 1 1 1887.668198554
163 1 1 1 2211.072842880
163 1 1 1 1789.204832001
163 1 1 1 1860.217861289
163 1 1 1 1929.399934244
163 1 1 1 2106.898513511
163 1 1 1 1880.242475415
163 1 1 1 1988.951471535
163 1 1 1 1609.611570688
163 1 1 1 1916.930095348
163 1 1 1 2385.011432543
163 1 1 1 2026.086696278
163 1 1 1 1870.512954677
163 1 1 1 1741.832916733
163 1 1 1 1710.829246718
163 1 1 1 1594.330099597
163 1 1 1 2315.538544360
163 1 1 1 1853.885029309
163 1 1 1 2188.175358716
163 1 1 1 2141.734364340
163 1 1 1 2040.658316863
163 1 1 1 1906.999633593
163 1 1 1 2133.869129686
163 1 1 1 2189.690130897
163 1 1 1 1872.444342031
163 1 1 1 2129.685704389
163 1 1 1 1886.477982451
163 1 1 1 2028.708595938
163 1 1 1 2683.231748704
163 1 1 1 1913.609220717
163 1 1 1 2277.330743131
163 1 1 1 1665.927394890
163 1 1 1 1738.533425919
163 1 1 1 1878.724469183
163 1 1 1 1987.996009504
163 1 1 1 1808.593001306
163 1 1 1 1719.569058149
163 1 1 1 1799.308877832
163 1 1 1 2142.393635153
163 1 1 1 1528.036696085
163 1 1 1 1954.760430312
163 1 1 1 1953.468615767
163 1 1 1 1862.687504443
163 1 1 1 1817.174556764
163 1 1 1 1891.820856672
163 1 1 1 1684.958501443
163 1 1 1 1685.910625753
163 1 1 1 1928.517056337
163 1 1 1 1884.895164537
163 1 1 1 1868.829476800
163 1 1 1 2006.931736727
163 1 1 1 2099.075814307
163 1 1 1 1825.450882980
163 1 1 1 1851.524150430
163 1 1 1 1998.998097395
163 1 1 1 1907.295274647
163 1 1 1 1840.099551529
163 1 1 1 1748.834303602
163 1 1 1 1966.419815588
163 1 1 1 2089.339475230
163 1 1 1 1689.321516624
163 1 1 1 2041.271834113
163 1 1 1 2209.671789504
163 1 1 1 2060.815788536
163 1 1 1 1888.071446980
163 1 1 1 2043.699652040
163 1 1 1 2300.327344588
163 1 1 1 1846.282084608
163 1 1 1 1928.688375460
163 1 1 1 1881.519219198
163 1 1 1 1729.810907528
163 1 1 1 2173.399253552
163 1 1 1 2257.793687533
163 1 1 1 1858.481486308
163 1 1 1 1954.128892095
163 1 1 1 2067.679556743
163 1 1 1 2006.032205423
163 1 1 1 2151.287002256
163 1 1 1 1917.223741246
163 1 1 1 1923.514611343
163 1 1 1 2358.101291288
163 1 1 1 1725.412613190
163 1 1 1 2018.229839489
163 1 1 1 1752.586981730
163 1 1 1 2003.177704851
