167 1 1 1 1876.955776505
167 1 1 1 2304.970149356
167 1 1 1 1749.255232835
167 1 1 1 2155.388092467
167 1 1 1 2316.364020573
167 1 1 1 2259.345346385
167 1 1 1 2201.455430438
167 1 1 1 2119.778795217
167 1 1 1 2828.646343859
167 1 1 1 1836.303641289
167 1 1 1 2486.857068573
167 1 1 1 2766.830573549
167 1 1 1 2448.874159521
167 1 1 1 2518.502341059
167 1 1 1 2564.372477233
167 1 1 1 2168.916635938
167 1 1 1 2380.805881519
167 1 1 1 2336.299693716
167 1 1 1 1958.260286516
167 1 1 1 2435.440088498
167 1 1 1 2043.908411356
167 1 1 1 2057.344898914
167 1 1 1 2058.235640855
167 1 1 1 2043.076784201
167 1 1 1 2037.943467686
167 1 1 1 2749.309783200
167 1 1 1 2470.934786850
167 1 1 1 2410.321835622
167 1 1 1 2237.326197873
167 1 1 1 2468.957203782
167 1 1 1 2638.000559578
167 1 1 1 2111.778982831
167 1 1 1 2091.263026458
167 1 1 1 2278.925067612
167 1 1 1 2211.808091796
167 1 1 1 1874.110273588
167 1 1 1 2418.867347117
167 1 1 1 2303.816414903
167 1 1 1 2039.142792774
167 1 1 1 1733.060504863
167 1 1 1 2816.829918195
167 1 1 1 2267.531832326
167 1 1 1 1997.716317008
167 1 1 1 2783.767632390
167 1 1 1 2300.263999076
167 1 1 1 2490.252727381
167 1 1 1 2277.575924480
167 1 1 1 2443.210814716
167 1 1 1 2221.631877508
167 1 1 1 2226.672751521
167 1 1 1 2436.726981820
167 1 1 1 1966.281053746
167 1 1 1 1983.354837364
167 1 1 1 2419.585667162
167 1 1 1 2343.312953933
167 1 1 1 2113.826930820
167 1 1 1 2331.365429755
167 1 1 1 2415.582836038
167 1 1 1 2359.858896846
167 1 1 1 2457.305930547
167 1 1 1 2330.702290608
167 1 1 1 1997.872039611
167 1 1 1 2221.946392453
167 1 1 1 2300.478028964
167 1 1 1 2452.313840332
167 1 1 1 2225.979247619
167 1 1 1 2033.762466374
167 1 1 1 2206.260997390
167 1 1 1 2271.260699515
167 1 1 1 1972.625080530
167 1 1 1 2047.158017629
167 1 1 1 2087.698217341
167 1 1 1 2274.031479168
167 1 1 1 2291.685908440
167 1 1 1 2476.851344076
167 1 1 1 3213.694090129
167 1 1 1 2255.531525169
167 1 1 1 2600.522895230
167 1 1 1 2548.931336027
167 1 1 1 2597.884425306
167 1 1 1 1998.123667629
167 1 1 1 2424.680404002
167 1 1 1 2341.671808254
167 1 1 1 2267.206153546
167 1 1 1 1976.483769141
167 1 1 1 2566.746214524
167 1 1 1 2069.137051650
167 1 1 1 2139.973141474
167 1 1 1 2337.272025331
167 1 1 1 2247.426322514
167 1 1 1 2463.804647761
167 1 1 1 2168.580892304
167 1 1 1 2373.304505113
167 1 1 1 2580.374116608
167 1 1 1 2281.096435154
167 1 1 1 2366.465496856
167 1 1 1 2411.500455084
167 1 1 1 1966.608100536
167 1 1 1 2186.057554507
167 1 1 1 1991.300783658
167 1 1 1 2331.447841596
167 1 1 1 2422.820258022
167 1 1 1 2294.611751229
167 1 1 1 2186.171008371
167 1 1 1 2434.294279902
167 1 1 1 2650.725800754
167 1 1 1 2759.382616463
167 1 1 1 2225.773749055
167 1 1 1 2284.157434649
167 1 1 1 1758.539865043
167 1 1 1 2383.370565226
167 1 1 1 2342.604385752
167 1 1 1 2300.872172924
167 1 1 1 2266.619677966
167 1 1 1 2302.932023203
167 1 1 1 2551.323184141
167 1 1 1 2076.342065844
167 1 1 1 2192.376072446
167 1 1 1 2360.947453263
167 1 1 1 2176.577630865
167 1 1 1 2183.337244704
167 1 1 1 2398.424606832
167 1 1 1 2249.794793926
167 1 1 1 2473.383749598
167 1 1 1 2570.675450103
167 1 1 1 2454.115817952
167 1 1 1 2367.992619037
167 1 1 1 2349.278456558
