157 1 1 1 1436.366885525
157 1 1 1 1117.327845082
157 1 1 1 1315.441882755
157 1 1 1 1080.677002911
157 1 1 1 1619.204601981
157 1 1 1 1217.278970689
157 1 1 1 1517.748718536
157 1 1 1 1563.256396665
157 1 1 1 1492.282100116
157 1 1 1 1516.468960312
157 1 1 1 1612.784177718
157 1 1 1 1261.191071729
157 1 1 1 1619.888805944
157 1 1 1 1618.711882552
157 1 1 1 1658.500354438
157 1 1 1 1424.141084928
157 1 1 1 1463.595122311
157 1 1 1 1610.475632982
157 1 1 1 1697.020511624
157 1 1 1 1458.430019373
157 1 1 1 1380.991114455
157 1 1 1 1767.145999765
157 1 1 1 1375.712699106
157 1 1 1 1713.804222105
157 1 1 1 1396.109412434
157 1 1 1 1512.201004073
157 1 1 1 1393.171778469
157 1 1 1 1432.290586775
157 1 1 1 1286.967575080
157 1 1 1 1764.338169924
157 1 1 1 1803.478752407
157 1 1 1 1499.737755664
157 1 1 1 1532.640080757
157 1 1 1 1458.541284619
157 1 1 1 1518.528782664
157 1 1 1 1639.386324422
157 1 1 1 1575.227493844
157 1 1 1 1514.803814805
157 1 1 1 1490.429038718
157 1 1 1 1232.106608849
157 1 1 1 1614.859998454
157 1 1 1 1452.352550939
157 1 1 1 1725.322339731
157 1 1 1 1475.640931539
157 1 1 1 1444.632467218
157 1 1 1 1542.774778211
157 1 1 1 1450.435209179
157 1 1 1 1382.228806539
157 1 1 1 1450.472337034
157 1 1 1 1613.230884134
157 1 1 1 1230.884953709
157 1 1 1 1661.875449243
157 1 1 1 1381.610682205
157 1 1 1 1341.898431903
157 1 1 1 1464.470254128
157 1 1 1 1492.268139421
157 1 1 1 1622.822369823
157 1 1 1 1540.841817876
157 1 1 1 1462.238776274
157 1 1 1 1702.353349799
157 1 1 1 1581.387966972
157 1 1 1 1613.581268201
157 1 1 1 1375.598436997
157 1 1 1 1409.909378065
157 1 1 1 1561.684106567
157 1 1 1 1286.058613150
157 1 1 1 1123.826743589
157 1 1 1 1390.850463197
157 1 1 1 1385.252006943
157 1 1 1 1783.812984963
157 1 1 1 1368.527073990
157 1 1 1 1216.461101165
157 1 1 1 1280.235683353
157 1 1 1 1504.890950698
157 1 1 1 1145.614057117
157 1 1 1 1677.603144300
157 1 1 1 1210.723503779
157 1 1 1 1442.327075178
157 1 1 1 1564.615343959
157 1 1 1 1204.627873657
157 1 1 1 1456.105314623
157 1 1 1 1415.230393158
157 1 1 1 1577.023477264
157 1 1 1 1412.981444114
157 1 1 1 1028.596492031
157 1 1 1 1444.097693541
157 1 1 1 1543.794384840
157 1 1 1 1366.575314380
157 1 1 1 1332.885165382
157 1 1 1 1542.276191564
157 1 1 1 1552.628335574
157 1 1 1 1623.143947364
157 1 1 1 1457.176050714
157 1 1 1 1412.992264144
157 1 1 1 1543.728293535
157 1 1 1 1631.984960092
157 1 1 1 1573.924304782
157 1 1 1 1474.829954872
157 1 1 1 1764.912042787
157 1 1 1 1623.903463461
157 1 1 1 1718.255674587
157 1 1 1 1342.891210943
157 1 1 1 1483.461854596
157 1 1 1 1659.129909009
157 1 1 1 1508.694892530
157 1 1 1 1160.103195142
157 1 1 1 1345.897205455
157 1 1 1 1677.237052312
157 1 1 1 1359.306980138
157 1 1 1 1178.761258103
157 1 1 1 1583.477180875
157 1 1 1 1355.665426798
157 1 1 1 1415.446923290
157 1 1 1 1324.206472054
157 1 1 1 1222.497246627
157 1 1 1 1272.304433927
157 1 1 1 1483.126898982
157 1 1 1 1451.177152592
157 1 1 1 1535.405057271
157 1 1 1 1690.038397296
157 1 1 1 1272.526460334
157 1 1 1 1525.373588718
157 1 1 1 1287.658546133
157 1 1 1 1558.882025986
157 1 1 1 1807.450177834
157 1 1 1 1599.514987215
157 1 1 1 1437.290349568
157 1 1 1 1393.259578515
