89 1 1 1 64.480162280
89 1 1 1 64.701603298
89 1 1 1 65.300384513
89 1 1 1 65.363377986
89 1 1 1 65.397802194
89 1 1 1 65.755845925
89 1 1 1 65.747327266
89 1 1 1 65.758936666
89 1 1 1 65.939119424
89 1 1 1 68.611449142
89 1 1 1 68.832936996
89 1 1 1 68.840575818
89 1 1 1 68.931855111
89 1 1 1 69.146784070
89 1 1 1 69.151566679
89 1 1 1 69.434102646
89 1 1 1 61.363899993
89 1 1 1 64.345054217
89 1 1 1 65.928782988
89 1 1 1 62.327981984
89 1 1 1 62.355842780
89 1 1 1 66.846243456
89 1 1 1 67.993549363
89 1 1 1 69.137543833
89 1 1 1 69.525541079
89 1 1 1 69.580304197
89 1 1 1 69.156013543
89 1 1 1 69.407622655
89 1 1 1 64.286149830
89 1 1 1 68.991274775
89 1 1 1 69.509846184
89 1 1 1 70.334885855
89 1 1 1 61.602267963
89 1 1 1 62.090724145
89 1 1 1 62.122923200
89 1 1 1 66.434450413
89 1 1 1 67.406503364
89 1 1 1 66.943477216
89 1 1 1 64.925814657
89 1 1 1 64.817395400
89 1 1 1 66.505099897
89 1 1 1 67.525085337
89 1 1 1 67.179765262
89 1 1 1 67.170046065
89 1 1 1 63.817844480
89 1 1 1 70.115863473
89 1 1 1 69.655429898
89 1 1 1 70.029589081
89 1 1 1 65.618130907
89 1 1 1 62.207815873
89 1 1 1 67.302821968
89 1 1 1 71.531387248
89 1 1 1 67.902607365
89 1 1 1 71.521486788
89 1 1 1 71.568808150
89 1 1 1 71.591360721
89 1 1 1 73.782715934
89 1 1 1 72.115412010
89 1 1 1 75.666267975
89 1 1 1 76.539957225
89 1 1 1 64.617291594
89 1 1 1 64.814740299
89 1 1 1 64.754018956
89 1 1 1 67.823499422
89 1 1 1 71.569934352
89 1 1 1 73.651425633
89 1 1 1 67.845709771
89 1 1 1 68.756179967
89 1 1 1 68.296128128
89 1 1 1 70.229711465
89 1 1 1 63.178627714
89 1 1 1 64.847544626
89 1 1 1 65.462011520
89 1 1 1 65.320601246
89 1 1 1 68.928480274
89 1 1 1 69.671824668
89 1 1 1 65.762602036
89 1 1 1 64.657801190
89 1 1 1 69.417561185
89 1 1 1 69.281617350
89 1 1 1 56.128056169
89 1 1 1 61.006052552
89 1 1 1 61.773000841
89 1 1 1 62.504453876
89 1 1 1 69.014624151
89 1 1 1 64.241660289
89 1 1 1 65.601031672
89 1 1 1 66.127529894
89 1 1 1 64.264529468
89 1 1 1 69.095181445
89 1 1 1 69.012356167
89 1 1 1 70.951726508
89 1 1 1 65.254606025
89 1 1 1 60.971070701
89 1 1 1 60.857884427
89 1 1 1 71.861624801
89 1 1 1 61.789494050
89 1 1 1 63.397877060
89 1 1 1 64.800705307
89 1 1 1 66.436605511
89 1 1 1 67.530158931
89 1 1 1 64.044434520
89 1 1 1 67.297630673
89 1 1 1 78.960299529
89 1 1 1 72.968119630
89 1 1 1 65.470140440
89 1 1 1 70.377280375
89 1 1 1 71.529732556
89 1 1 1 68.362033320
89 1 1 1 68.840103741
89 1 1 1 68.835645796
89 1 1 1 63.591075951
89 1 1 1 79.647382015
89 1 1 1 65.524296587
89 1 1 1 66.676550047
89 1 1 1 62.847074018
89 1 1 1 67.980010266
89 1 1 1 73.251978631
89 1 1 1 63.597480980
89 1 1 1 69.190491431
89 1 1 1 69.848554033
89 1 1 1 65.261309362
89 1 1 1 73.162406019
89 1 1 1 69.946170282
89 1 1 1 80.327159672
89 1 1 1 75.266114744
89 1 1 1 75.194322076
89 1 1 1 64.751312949
