59 1 1 1 12.874140112
59 1 1 1 12.823082858
59 1 1 1 12.961014199
59 1 1 1 12.916452534
59 1 1 1 12.919813514
59 1 1 1 12.956818164
59 1 1 1 12.903855939
59 1 1 1 12.911380533
59 1 1 1 12.887017059
59 1 1 1 12.966985925
59 1 1 1 12.952681660
59 1 1 1 13.220651303
59 1 1 1 12.963499374
59 1 1 1 12.954939673
59 1 1 1 13.087751673
59 1 1 1 13.301305463
59 1 1 1 13.652059029
59 1 1 1 13.638715009
59 1 1 1 14.316871882
59 1 1 1 14.341127836
59 1 1 1 14.483275992
59 1 1 1 14.513165910
59 1 1 1 14.511949752
59 1 1 1 14.487311645
59 1 1 1 14.520445643
59 1 1 1 14.523418410
59 1 1 1 14.499703939
59 1 1 1 14.516097457
59 1 1 1 14.559265764
59 1 1 1 14.674581780
59 1 1 1 14.541506788
59 1 1 1 14.427764182
59 1 1 1 12.357500721
59 1 1 1 12.368093543
59 1 1 1 12.426275059
59 1 1 1 12.384764632
59 1 1 1 12.451992001
59 1 1 1 12.485696582
59 1 1 1 12.442502356
59 1 1 1 12.513353496
59 1 1 1 12.432557147
59 1 1 1 12.391541543
59 1 1 1 12.506951959
59 1 1 1 12.487050830
59 1 1 1 12.605277034
59 1 1 1 12.433659333
59 1 1 1 13.934494908
59 1 1 1 14.022156950
59 1 1 1 12.566325702
59 1 1 1 12.620719765
59 1 1 1 12.672154581
59 1 1 1 12.756501742
59 1 1 1 14.204843476
59 1 1 1 14.135496744
59 1 1 1 14.227271699
59 1 1 1 14.201285225
59 1 1 1 14.203411047
59 1 1 1 14.224865686
59 1 1 1 14.256047561
59 1 1 1 14.212403681
59 1 1 1 14.248386335
59 1 1 1 14.238501496
59 1 1 1 14.157649205
59 1 1 1 14.206472366
59 1 1 1 15.474869779
59 1 1 1 15.431711462
59 1 1 1 15.561331263
59 1 1 1 15.540522760
59 1 1 1 15.617004514
59 1 1 1 15.608001230
59 1 1 1 15.619527529
59 1 1 1 15.643797903
59 1 1 1 15.629392258
59 1 1 1 15.661000646
59 1 1 1 15.595636217
59 1 1 1 15.691826599
59 1 1 1 15.601102330
59 1 1 1 15.645920356
59 1 1 1 15.622996390
59 1 1 1 15.915967973
59 1 1 1 13.937871158
59 1 1 1 14.050535788
59 1 1 1 13.179444548
59 1 1 1 13.198153910
59 1 1 1 13.260997433
59 1 1 1 13.280284328
59 1 1 1 13.133678436
59 1 1 1 13.187864879
59 1 1 1 13.194887670
59 1 1 1 14.396651917
59 1 1 1 14.401124734
59 1 1 1 14.483784725
59 1 1 1 14.429731453
59 1 1 1 14.422548340
59 1 1 1 16.654029322
59 1 1 1 16.701100941
59 1 1 1 15.306256617
59 1 1 1 15.334439933
59 1 1 1 14.966015192
59 1 1 1 14.985207768
59 1 1 1 15.025772518
59 1 1 1 14.955630041
59 1 1 1 15.012677490
59 1 1 1 14.110040312
59 1 1 1 14.100461745
59 1 1 1 14.120175232
59 1 1 1 14.112413206
59 1 1 1 14.954540395
59 1 1 1 14.251516264
59 1 1 1 14.981654165
59 1 1 1 14.052420910
59 1 1 1 14.137947079
59 1 1 1 14.148204130
59 1 1 1 14.156661070
59 1 1 1 14.510450184
59 1 1 1 14.483463162
59 1 1 1 14.497883289
59 1 1 1 14.433552886
59 1 1 1 14.493086491
59 1 1 1 14.485263794
59 1 1 1 14.516198317
59 1 1 1 14.504712760
59 1 1 1 14.531677700
59 1 1 1 14.480658996
59 1 1 1 14.504811408
59 1 1 1 14.575982962
59 1 1 1 14.099030709
59 1 1 1 14.475686415
