107 1 1 1 134.784375966
107 1 1 1 142.438365913
107 1 1 1 147.147925650
107 1 1 1 147.518953706
107 1 1 1 151.299993313
107 1 1 1 151.786678675
107 1 1 1 151.943390944
107 1 1 1 152.303450201
107 1 1 1 156.671581435
107 1 1 1 158.043301609
107 1 1 1 158.449557104
107 1 1 1 158.633269214
107 1 1 1 168.937043502
107 1 1 1 169.686197817
107 1 1 1 169.821041343
107 1 1 1 155.163923236
107 1 1 1 140.561696005
107 1 1 1 130.417544474
107 1 1 1 148.972618761
107 1 1 1 149.271453714
107 1 1 1 128.512544865
107 1 1 1 141.613188800
107 1 1 1 139.721569251
107 1 1 1 146.686362220
107 1 1 1 140.827030328
107 1 1 1 140.923549702
107 1 1 1 150.547951768
107 1 1 1 145.351610784
107 1 1 1 145.646748059
107 1 1 1 145.330243808
107 1 1 1 145.514274195
107 1 1 1 153.199764523
107 1 1 1 134.952141211
107 1 1 1 129.962043910
107 1 1 1 136.367913140
107 1 1 1 147.492036845
107 1 1 1 143.544480769
107 1 1 1 133.689927722
107 1 1 1 135.055063199
107 1 1 1 135.297963503
107 1 1 1 143.376849579
107 1 1 1 147.670870450
107 1 1 1 148.757162252
107 1 1 1 139.394315093
107 1 1 1 153.897290664
107 1 1 1 152.296277634
107 1 1 1 152.627756475
107 1 1 1 137.157701268
107 1 1 1 146.443544416
107 1 1 1 157.030958896
107 1 1 1 144.749115538
107 1 1 1 146.765261983
107 1 1 1 142.008692694
107 1 1 1 136.981812142
107 1 1 1 149.562091221
107 1 1 1 146.289626168
107 1 1 1 139.327023023
107 1 1 1 139.532175114
107 1 1 1 144.708592264
107 1 1 1 136.363043550
107 1 1 1 139.107750813
107 1 1 1 145.690816772
107 1 1 1 150.539254018
107 1 1 1 153.875737742
107 1 1 1 137.959340296
107 1 1 1 153.734140083
107 1 1 1 144.571566762
107 1 1 1 146.769528695
107 1 1 1 140.462036780
107 1 1 1 137.744498283
107 1 1 1 148.250482823
107 1 1 1 157.854877216
107 1 1 1 142.356386659
107 1 1 1 143.157495936
107 1 1 1 137.655147018
107 1 1 1 154.725431355
107 1 1 1 136.369236812
107 1 1 1 169.023086078
107 1 1 1 143.018780833
107 1 1 1 141.377600948
107 1 1 1 158.446729463
107 1 1 1 136.375197860
107 1 1 1 128.035617348
107 1 1 1 155.814153078
107 1 1 1 147.677190363
107 1 1 1 139.509748091
107 1 1 1 132.325901157
107 1 1 1 141.996415089
107 1 1 1 145.611073113
107 1 1 1 148.547966165
107 1 1 1 149.292600580
107 1 1 1 149.943164989
107 1 1 1 143.786357453
107 1 1 1 148.432709612
107 1 1 1 158.574213933
107 1 1 1 159.911416390
107 1 1 1 134.173664126
107 1 1 1 137.017725025
107 1 1 1 154.184488911
107 1 1 1 148.584721597
107 1 1 1 142.073675692
107 1 1 1 146.106010386
107 1 1 1 156.463822165
107 1 1 1 139.443825343
107 1 1 1 141.382649637
107 1 1 1 157.754290991
107 1 1 1 141.332655142
107 1 1 1 145.094996214
107 1 1 1 142.359944252
107 1 1 1 143.880546407
107 1 1 1 138.612613763
107 1 1 1 158.403377131
107 1 1 1 156.604574781
107 1 1 1 139.622716063
107 1 1 1 152.748823751
107 1 1 1 151.069412840
107 1 1 1 145.100864322
107 1 1 1 146.514898620
107 1 1 1 137.963874877
107 1 1 1 156.718337895
107 1 1 1 135.301725949
107 1 1 1 151.368212993
107 1 1 1 157.510129355
107 1 1 1 145.216383854
107 1 1 1 137.226040410
107 1 1 1 138.055657067
107 1 1 1 144.670185525
107 1 1 1 145.028156561
