103 1 1 1 120.590222283
103 1 1 1 120.766771377
103 1 1 1 124.647165429
103 1 1 1 124.854102407
103 1 1 1 124.866735530
103 1 1 1 125.030278570
103 1 1 1 125.388137816
103 1 1 1 126.872896686
103 1 1 1 127.001897964
103 1 1 1 128.563957299
103 1 1 1 132.531128039
103 1 1 1 132.541217586
103 1 1 1 132.642217165
103 1 1 1 132.691700598
103 1 1 1 133.524206575
103 1 1 1 133.566490533
103 1 1 1 123.328567237
103 1 1 1 123.317731337
103 1 1 1 127.807270151
103 1 1 1 123.548284609
103 1 1 1 123.747920579
103 1 1 1 123.777153572
103 1 1 1 123.850270156
103 1 1 1 124.982542209
103 1 1 1 129.971890433
103 1 1 1 130.498305163
103 1 1 1 125.763324110
103 1 1 1 127.722813837
103 1 1 1 126.933313466
103 1 1 1 127.945043890
103 1 1 1 128.096151639
103 1 1 1 128.936988163
103 1 1 1 128.946324032
103 1 1 1 125.803732120
103 1 1 1 129.276362832
103 1 1 1 129.172121227
103 1 1 1 126.044864950
103 1 1 1 130.775990516
103 1 1 1 129.352811182
103 1 1 1 139.674407401
103 1 1 1 139.963393210
103 1 1 1 128.303999923
103 1 1 1 140.604683209
103 1 1 1 129.051345101
103 1 1 1 128.986148839
103 1 1 1 129.838959832
103 1 1 1 129.646839374
103 1 1 1 140.076504553
103 1 1 1 113.556516640
103 1 1 1 119.639796027
103 1 1 1 129.570403392
103 1 1 1 129.919554128
103 1 1 1 123.733315167
103 1 1 1 131.436031110
103 1 1 1 128.972593466
103 1 1 1 130.341978224
103 1 1 1 128.615052722
103 1 1 1 129.080413812
103 1 1 1 130.673619220
103 1 1 1 131.780459264
103 1 1 1 130.702298319
103 1 1 1 141.351084066
103 1 1 1 133.839838415
103 1 1 1 130.120184834
103 1 1 1 125.812319951
103 1 1 1 115.738705589
103 1 1 1 130.015809367
103 1 1 1 123.234791030
103 1 1 1 114.705225304
103 1 1 1 114.257911708
103 1 1 1 115.073157016
103 1 1 1 120.891093524
103 1 1 1 121.096245270
103 1 1 1 122.381525443
103 1 1 1 128.122787918
103 1 1 1 124.152456045
103 1 1 1 126.662756704
103 1 1 1 130.461832875
103 1 1 1 130.511924852
103 1 1 1 124.705249973
103 1 1 1 117.003977288
103 1 1 1 127.546053092
103 1 1 1 130.772654128
103 1 1 1 130.818193734
103 1 1 1 127.673339406
103 1 1 1 128.475923659
103 1 1 1 125.724537808
103 1 1 1 129.145228981
103 1 1 1 126.126000251
103 1 1 1 124.542032739
103 1 1 1 129.601912873
103 1 1 1 125.435428863
103 1 1 1 126.725547118
103 1 1 1 126.726994424
103 1 1 1 130.875737914
103 1 1 1 132.701042444
103 1 1 1 128.052195210
103 1 1 1 128.739171448
103 1 1 1 127.330767979
103 1 1 1 125.606099765
103 1 1 1 125.305799265
103 1 1 1 134.407312545
103 1 1 1 134.442057133
103 1 1 1 130.468792486
103 1 1 1 130.010318016
103 1 1 1 144.012594833
103 1 1 1 144.476982061
103 1 1 1 145.356005601
103 1 1 1 123.486319859
103 1 1 1 136.930870648
103 1 1 1 137.081933454
103 1 1 1 137.437961012
103 1 1 1 119.051360137
103 1 1 1 122.444534182
103 1 1 1 125.999796272
103 1 1 1 123.830867794
103 1 1 1 121.526555462
103 1 1 1 121.640572419
103 1 1 1 128.175090889
103 1 1 1 123.533404876
103 1 1 1 123.649144450
103 1 1 1 124.284185338
103 1 1 1 123.812179939
103 1 1 1 125.018571836
103 1 1 1 128.677358955
103 1 1 1 125.261512786
103 1 1 1 125.839742897
103 1 1 1 131.957728929
