71 1 1 1 27.892444036
71 1 1 1 27.955591030
71 1 1 1 27.904399235
71 1 1 1 28.122225881
71 1 1 1 28.313770434
71 1 1 1 28.319357656
71 1 1 1 28.430661537
71 1 1 1 28.379346511
71 1 1 1 28.331905018
71 1 1 1 28.367641244
71 1 1 1 28.392823019
71 1 1 1 28.412790084
71 1 1 1 28.524260896
71 1 1 1 28.436000888
71 1 1 1 28.553694275
71 1 1 1 28.821771589
71 1 1 1 23.929956553
71 1 1 1 24.059601479
71 1 1 1 24.258272853
71 1 1 1 24.390755036
71 1 1 1 24.421520173
71 1 1 1 24.422633750
71 1 1 1 24.455153747
71 1 1 1 24.446718408
71 1 1 1 24.514563339
71 1 1 1 24.525358892
71 1 1 1 24.569044254
71 1 1 1 24.629867124
71 1 1 1 24.286864308
71 1 1 1 24.583959709
71 1 1 1 26.437396326
71 1 1 1 26.577076500
71 1 1 1 27.309309853
71 1 1 1 27.190191887
71 1 1 1 27.430023964
71 1 1 1 27.538520426
71 1 1 1 27.658248876
71 1 1 1 27.713224907
71 1 1 1 27.715863077
71 1 1 1 27.860985338
71 1 1 1 27.691137675
71 1 1 1 27.629181181
71 1 1 1 27.867066341
71 1 1 1 27.664312284
71 1 1 1 27.701404824
71 1 1 1 26.638493201
71 1 1 1 26.591759529
71 1 1 1 27.825584249
71 1 1 1 25.642640734
71 1 1 1 25.774124039
71 1 1 1 27.869940796
71 1 1 1 26.214385306
71 1 1 1 28.010722813
71 1 1 1 27.883579275
71 1 1 1 27.841431953
71 1 1 1 28.000165521
71 1 1 1 28.090538917
71 1 1 1 28.091017323
71 1 1 1 28.008788584
71 1 1 1 28.056787234
71 1 1 1 28.048946496
71 1 1 1 28.083482133
71 1 1 1 28.178236850
71 1 1 1 28.281426151
71 1 1 1 25.850015255
71 1 1 1 24.192804938
71 1 1 1 25.839120623
71 1 1 1 26.021208407
71 1 1 1 24.414032724
71 1 1 1 24.353191302
71 1 1 1 28.837076822
71 1 1 1 28.997089114
71 1 1 1 27.789899049
71 1 1 1 27.989340674
71 1 1 1 28.087088884
71 1 1 1 27.828633307
71 1 1 1 28.025499976
71 1 1 1 28.116996750
71 1 1 1 28.287167437
71 1 1 1 28.927857436
71 1 1 1 29.941515678
71 1 1 1 27.841417691
71 1 1 1 30.341628052
71 1 1 1 30.321289836
71 1 1 1 30.454093384
71 1 1 1 26.603501535
71 1 1 1 26.125486526
71 1 1 1 28.162354223
71 1 1 1 30.626112785
71 1 1 1 30.848757617
71 1 1 1 28.326820891
71 1 1 1 28.490723247
71 1 1 1 28.118964975
71 1 1 1 28.073741867
71 1 1 1 28.241729217
71 1 1 1 28.510290748
71 1 1 1 26.012831246
71 1 1 1 26.305148623
71 1 1 1 26.030060242
71 1 1 1 25.872661453
71 1 1 1 26.255570348
71 1 1 1 26.034463553
71 1 1 1 26.161538408
71 1 1 1 28.348995652
71 1 1 1 28.143622209
71 1 1 1 28.394886651
71 1 1 1 28.349161359
71 1 1 1 28.399612697
71 1 1 1 28.527052384
71 1 1 1 28.542370310
71 1 1 1 27.885069785
71 1 1 1 27.863451590
71 1 1 1 25.031927839
71 1 1 1 25.010815869
71 1 1 1 25.050346545
71 1 1 1 25.178236764
71 1 1 1 25.342840962
71 1 1 1 27.691975257
71 1 1 1 27.441781350
71 1 1 1 27.843839692
71 1 1 1 27.329402669
71 1 1 1 27.000523634
71 1 1 1 27.211039114
71 1 1 1 27.231479061
71 1 1 1 27.154644433
71 1 1 1 27.266202778
71 1 1 1 27.292821200
71 1 1 1 28.173866474
