41 1 1 1 3.377173103
41 1 1 1 3.433366271
41 1 1 1 3.417026682
41 1 1 1 3.426731880
41 1 1 1 3.439594258
41 1 1 1 3.423524501
41 1 1 1 3.376486848
41 1 1 1 3.496904262
41 1 1 1 3.417239663
41 1 1 1 3.437597146
41 1 1 1 3.428852654
41 1 1 1 3.439688388
41 1 1 1 3.440472413
41 1 1 1 3.429076735
41 1 1 1 3.447162193
41 1 1 1 3.449820439
41 1 1 1 3.422965538
41 1 1 1 3.400755925
41 1 1 1 3.399523347
41 1 1 1 3.420894205
41 1 1 1 3.423309290
41 1 1 1 3.415720824
41 1 1 1 3.411203657
41 1 1 1 3.381704370
41 1 1 1 3.391234197
41 1 1 1 3.402092673
41 1 1 1 3.409295355
41 1 1 1 3.402340344
41 1 1 1 3.400644514
41 1 1 1 3.421423958
41 1 1 1 3.422194053
41 1 1 1 3.435222701
41 1 1 1 2.681479654
41 1 1 1 2.668493027
41 1 1 1 2.682937333
41 1 1 1 2.710428529
41 1 1 1 2.699284412
41 1 1 1 2.692488921
41 1 1 1 2.673367845
41 1 1 1 2.727955264
41 1 1 1 3.674860821
41 1 1 1 3.610718736
41 1 1 1 3.602715567
41 1 1 1 3.610842717
41 1 1 1 3.585977217
41 1 1 1 3.613302080
41 1 1 1 3.606420140
41 1 1 1 3.620265593
41 1 1 1 3.387892487
41 1 1 1 3.416464349
41 1 1 1 3.415298732
41 1 1 1 3.429403876
41 1 1 1 3.489159565
41 1 1 1 3.409567017
41 1 1 1 3.472359555
41 1 1 1 3.448903834
41 1 1 1 2.879166752
41 1 1 1 2.919616704
41 1 1 1 2.933295796
41 1 1 1 2.925942713
41 1 1 1 2.898245397
41 1 1 1 2.924189142
41 1 1 1 2.910718851
41 1 1 1 2.938121396
41 1 1 1 3.229293115
41 1 1 1 3.220465902
41 1 1 1 3.206699359
41 1 1 1 3.270533882
41 1 1 1 3.208324188
41 1 1 1 3.283457880
41 1 1 1 3.212317873
41 1 1 1 3.208630100
41 1 1 1 3.177818885
41 1 1 1 3.177395213
41 1 1 1 3.218733702
41 1 1 1 3.213548310
41 1 1 1 3.228701691
41 1 1 1 3.223394879
41 1 1 1 3.215759083
41 1 1 1 3.240167460
41 1 1 1 3.659014845
41 1 1 1 3.631340560
41 1 1 1 3.654967281
41 1 1 1 3.672578017
41 1 1 1 3.661838732
41 1 1 1 3.649369178
41 1 1 1 3.678998385
41 1 1 1 3.707252696
41 1 1 1 3.632852408
41 1 1 1 3.610968187
41 1 1 1 3.665432475
41 1 1 1 3.664867271
41 1 1 1 3.670691125
41 1 1 1 3.655301614
41 1 1 1 3.665331853
41 1 1 1 3.664057296
41 1 1 1 3.654731280
41 1 1 1 3.625657505
41 1 1 1 3.627762488
41 1 1 1 3.631449470
41 1 1 1 3.630762706
41 1 1 1 3.630856346
41 1 1 1 3.679578239
41 1 1 1 3.614232837
41 1 1 1 3.591740802
41 1 1 1 3.565784006
41 1 1 1 3.603699603
41 1 1 1 3.636197389
41 1 1 1 3.616630551
41 1 1 1 3.606812992
41 1 1 1 3.645816807
41 1 1 1 3.639653559
41 1 1 1 3.314724018
41 1 1 1 3.326357938
41 1 1 1 3.320205181
41 1 1 1 3.323559641
41 1 1 1 3.340716714
41 1 1 1 3.307049612
41 1 1 1 3.325537292
41 1 1 1 3.300702554
41 1 1 1 3.388806433
41 1 1 1 3.383572881
41 1 1 1 3.335551572
41 1 1 1 3.340366282
41 1 1 1 3.523088999
41 1 1 1 3.522861898
41 1 1 1 3.517307185
41 1 1 1 3.519203696
