131 1 1 1 315.639258387
131 1 1 1 409.028949631
131 1 1 1 326.109743333
131 1 1 1 352.097365205
131 1 1 1 407.679828247
131 1 1 1 375.448468978
131 1 1 1 438.839689775
131 1 1 1 381.303674952
131 1 1 1 442.630896326
131 1 1 1 485.248808203
131 1 1 1 430.796789775
131 1 1 1 435.948218953
131 1 1 1 385.285241076
131 1 1 1 417.457126905
131 1 1 1 553.487579808
131 1 1 1 407.954390093
131 1 1 1 374.573034471
131 1 1 1 444.164490196
131 1 1 1 412.116237766
131 1 1 1 535.838185369
131 1 1 1 369.177973459
131 1 1 1 461.819854544
131 1 1 1 425.099908241
131 1 1 1 491.587150768
131 1 1 1 435.306748862
131 1 1 1 326.627818806
131 1 1 1 434.650149671
131 1 1 1 446.215863960
131 1 1 1 490.477725490
131 1 1 1 455.360680105
131 1 1 1 557.641660928
131 1 1 1 493.037045418
131 1 1 1 481.265695227
131 1 1 1 502.017613032
131 1 1 1 413.118864423
131 1 1 1 431.997708611
131 1 1 1 495.254546939
131 1 1 1 333.977663589
131 1 1 1 449.466396892
131 1 1 1 348.787264127
131 1 1 1 403.391514348
131 1 1 1 429.028240337
131 1 1 1 357.888837748
131 1 1 1 572.344968264
131 1 1 1 435.909993526
131 1 1 1 421.393580303
131 1 1 1 414.435844845
131 1 1 1 427.270581971
131 1 1 1 428.696405679
131 1 1 1 495.048179279
131 1 1 1 484.724909478
131 1 1 1 400.893162085
131 1 1 1 452.199339740
131 1 1 1 571.149636086
131 1 1 1 400.168154377
131 1 1 1 450.630853148
131 1 1 1 451.397280087
131 1 1 1 608.366024980
131 1 1 1 411.739339447
131 1 1 1 343.476215626
131 1 1 1 435.063274727
131 1 1 1 328.323202510
131 1 1 1 482.865338154
131 1 1 1 427.057199853
131 1 1 1 472.477075086
131 1 1 1 489.662449212
131 1 1 1 534.826459693
131 1 1 1 455.770380724
131 1 1 1 385.139000291
131 1 1 1 456.256069144
131 1 1 1 456.816333280
131 1 1 1 312.224259557
131 1 1 1 490.931983533
131 1 1 1 472.014429161
131 1 1 1 494.564669482
131 1 1 1 447.902597217
131 1 1 1 523.348235788
131 1 1 1 358.930723642
131 1 1 1 533.582441707
131 1 1 1 386.774294186
131 1 1 1 364.754030980
131 1 1 1 371.391793806
131 1 1 1 453.688253069
131 1 1 1 382.624403688
131 1 1 1 329.397190553
131 1 1 1 486.400762810
131 1 1 1 377.017722476
131 1 1 1 539.750601233
131 1 1 1 371.169522750
131 1 1 1 486.652020822
131 1 1 1 402.741837953
131 1 1 1 477.087231537
131 1 1 1 499.577824742
131 1 1 1 299.863424063
131 1 1 1 452.235820652
131 1 1 1 566.705240282
131 1 1 1 404.862672635
131 1 1 1 537.601566674
131 1 1 1 589.795713274
131 1 1 1 474.082328014
131 1 1 1 456.306098724
131 1 1 1 389.040168710
131 1 1 1 449.695310351
131 1 1 1 409.381565361
131 1 1 1 466.727129308
131 1 1 1 436.420384771
131 1 1 1 413.492239242
131 1 1 1 391.542934594
131 1 1 1 469.637133153
131 1 1 1 334.785458716
131 1 1 1 382.826773232
131 1 1 1 385.769661847
131 1 1 1 527.969900622
131 1 1 1 434.621479200
131 1 1 1 515.073710929
131 1 1 1 397.264129120
131 1 1 1 461.014870873
131 1 1 1 355.172138298
131 1 1 1 395.950284507
131 1 1 1 445.826874081
131 1 1 1 476.252106481
131 1 1 1 468.324471887
131 1 1 1 389.322880315
131 1 1 1 389.804951989
131 1 1 1 464.863832523
131 1 1 1 436.828994276
131 1 1 1 563.561812373
131 1 1 1 462.374864436
