83 1 1 1 49.053583298
83 1 1 1 49.135560689
83 1 1 1 49.445986976
83 1 1 1 49.268105630
83 1 1 1 49.847833968
83 1 1 1 49.717568660
83 1 1 1 50.019656952
83 1 1 1 49.741496561
83 1 1 1 49.889019127
83 1 1 1 49.860245680
83 1 1 1 49.891944366
83 1 1 1 49.973439204
83 1 1 1 50.185387114
83 1 1 1 50.044900816
83 1 1 1 50.232344507
83 1 1 1 50.514498412
83 1 1 1 51.484423085
83 1 1 1 51.524689164
83 1 1 1 51.188607963
83 1 1 1 51.690073484
83 1 1 1 59.296454055
83 1 1 1 59.610779178
83 1 1 1 59.995690911
83 1 1 1 59.930163343
83 1 1 1 59.579831029
83 1 1 1 59.765671159
83 1 1 1 60.103899054
83 1 1 1 59.953247043
83 1 1 1 59.991709224
83 1 1 1 60.252739348
83 1 1 1 60.412004134
83 1 1 1 60.312070588
83 1 1 1 51.313160427
83 1 1 1 50.947325327
83 1 1 1 51.220633918
83 1 1 1 52.685084463
83 1 1 1 50.877325772
83 1 1 1 51.343716411
83 1 1 1 51.254413058
83 1 1 1 51.277425783
83 1 1 1 51.584147584
83 1 1 1 57.290758223
83 1 1 1 57.257661971
83 1 1 1 57.514880333
83 1 1 1 57.312917151
83 1 1 1 57.190217292
83 1 1 1 57.131664293
83 1 1 1 57.458659020
83 1 1 1 49.405156151
83 1 1 1 48.312678060
83 1 1 1 48.388975906
83 1 1 1 57.238864935
83 1 1 1 48.746363377
83 1 1 1 57.713999914
83 1 1 1 57.886956397
83 1 1 1 57.760553765
83 1 1 1 54.801321786
83 1 1 1 55.974960380
83 1 1 1 55.903213851
83 1 1 1 56.214454235
83 1 1 1 60.396986506
83 1 1 1 60.686850362
83 1 1 1 60.482339459
83 1 1 1 60.763614515
83 1 1 1 50.716479470
83 1 1 1 50.734193976
83 1 1 1 52.551769613
83 1 1 1 52.294428252
83 1 1 1 52.401626156
83 1 1 1 52.363377257
83 1 1 1 54.408604661
83 1 1 1 51.421569412
83 1 1 1 49.730623022
83 1 1 1 50.856709776
83 1 1 1 55.784961716
83 1 1 1 55.992595083
83 1 1 1 57.336691872
83 1 1 1 57.890591693
83 1 1 1 58.315901655
83 1 1 1 58.482208362
83 1 1 1 49.153059835
83 1 1 1 51.326132493
83 1 1 1 52.362181564
83 1 1 1 52.480194540
83 1 1 1 56.042932281
83 1 1 1 56.253570362
83 1 1 1 58.147957332
83 1 1 1 58.388760930
83 1 1 1 59.841454096
83 1 1 1 51.007922752
83 1 1 1 55.492825677
83 1 1 1 55.381064539
83 1 1 1 58.182549552
83 1 1 1 55.735696853
83 1 1 1 55.745043668
83 1 1 1 55.527063274
83 1 1 1 50.412908236
83 1 1 1 51.598054999
83 1 1 1 51.585185405
83 1 1 1 51.721170489
83 1 1 1 53.221251833
83 1 1 1 55.784815551
83 1 1 1 51.911441933
83 1 1 1 52.199055312
83 1 1 1 55.735596282
83 1 1 1 48.245239940
83 1 1 1 55.851918161
83 1 1 1 47.656155318
83 1 1 1 54.381747633
83 1 1 1 53.593877101
83 1 1 1 53.847935247
83 1 1 1 53.587736584
83 1 1 1 51.066594380
83 1 1 1 51.138824300
83 1 1 1 51.041874167
83 1 1 1 54.506001548
83 1 1 1 57.280038073
83 1 1 1 55.092212990
83 1 1 1 52.676657597
83 1 1 1 52.817287198
83 1 1 1 52.482066238
83 1 1 1 50.144098067
83 1 1 1 55.461964456
83 1 1 1 51.403948348
83 1 1 1 55.427538016
83 1 1 1 53.773787927
83 1 1 1 54.058886786
83 1 1 1 54.114792957
