197 1 1 1 5174.456791356
197 1 1 1 5534.819033881
197 1 1 1 5169.157069751
197 1 1 1 5613.039232876
197 1 1 1 6067.097390765
197 1 1 1 5585.641388557
197 1 1 1 5716.727704614
197 1 1 1 6975.860293013
197 1 1 1 5855.512036899
197 1 1 1 6439.897992176
197 1 1 1 6358.455592808
197 1 1 1 6759.825501099
197 1 1 1 6089.760492825
197 1 1 1 6265.006185932
197 1 1 1 6447.772623918
197 1 1 1 5847.235674816
197 1 1 1 6098.616184203
197 1 1 1 5543.979505728
197 1 1 1 5338.721468463
197 1 1 1 5794.865106091
197 1 1 1 5570.757207340
197 1 1 1 5975.527485635
197 1 1 1 6332.124944252
197 1 1 1 6298.210349421
197 1 1 1 5637.385355738
197 1 1 1 5780.407059315
197 1 1 1 5629.564543738
197 1 1 1 5924.602348532
197 1 1 1 6927.808598047
197 1 1 1 6633.110486871
197 1 1 1 6931.904346187
197 1 1 1 6917.958378652
197 1 1 1 5566.251506743
197 1 1 1 5811.861812256
197 1 1 1 5763.674642083
197 1 1 1 6080.549980069
197 1 1 1 5561.412219413
197 1 1 1 6021.203623866
197 1 1 1 6944.668718313
197 1 1 1 5826.235518926
197 1 1 1 5506.093106507
197 1 1 1 5264.734462817
197 1 1 1 5525.671563798
197 1 1 1 6556.233293286
197 1 1 1 6560.606917456
197 1 1 1 5746.874709702
197 1 1 1 5447.848784066
197 1 1 1 6178.753373120
197 1 1 1 5966.610522465
197 1 1 1 4847.327738347
197 1 1 1 5285.497065540
197 1 1 1 6157.298111148
197 1 1 1 5823.590318037
197 1 1 1 5575.321741414
197 1 1 1 5808.234810115
197 1 1 1 5870.406289225
197 1 1 1 5767.655137258
197 1 1 1 6193.481939080
197 1 1 1 5993.927775806
197 1 1 1 6209.101146171
197 1 1 1 6227.118068539
197 1 1 1 5730.228321834
197 1 1 1 6230.478651661
197 1 1 1 6095.401977247
197 1 1 1 5599.614568232
197 1 1 1 5108.412269477
197 1 1 1 5827.936555361
197 1 1 1 6048.449739189
197 1 1 1 5703.867318838
197 1 1 1 5865.972921593
197 1 1 1 6302.743673041
197 1 1 1 6863.370273954
197 1 1 1 5876.727772062
197 1 1 1 5910.405865473
197 1 1 1 6034.100619387
197 1 1 1 6855.083393158
197 1 1 1 6366.507419679
197 1 1 1 6288.531485205
197 1 1 1 6976.085811329
197 1 1 1 5655.708268218
197 1 1 1 6756.165767395
197 1 1 1 5509.108196575
197 1 1 1 5453.101832455
197 1 1 1 6385.533448052
197 1 1 1 5398.435587004
197 1 1 1 5770.205590782
197 1 1 1 5380.976078380
197 1 1 1 6156.560995255
197 1 1 1 7184.064461825
197 1 1 1 5603.649178533
197 1 1 1 6362.121201385
197 1 1 1 6953.575048858
197 1 1 1 6714.675061504
197 1 1 1 5946.986244989
197 1 1 1 6102.934184332
197 1 1 1 6067.911273604
197 1 1 1 6139.947053694
197 1 1 1 5731.743691410
197 1 1 1 5719.315978692
197 1 1 1 5653.073653509
197 1 1 1 5915.299050075
197 1 1 1 5832.577544786
197 1 1 1 5699.691493751
197 1 1 1 5943.432333191
197 1 1 1 5566.344706303
197 1 1 1 5495.697443347
197 1 1 1 6340.035210761
197 1 1 1 6088.701401466
197 1 1 1 7127.247627773
197 1 1 1 6531.970406038
197 1 1 1 5765.678918700
197 1 1 1 5997.023485380
197 1 1 1 5492.043832432
197 1 1 1 6901.325322687
197 1 1 1 5181.305309375
197 1 1 1 5731.417695679
197 1 1 1 5939.861042379
197 1 1 1 5981.474667206
197 1 1 1 5502.670075709
197 1 1 1 5723.823753920
197 1 1 1 7033.045216687
197 1 1 1 6099.412323235
197 1 1 1 6430.838879075
197 1 1 1 5942.673008802
197 1 1 1 6552.816820696
197 1 1 1 6538.871943801
197 1 1 1 6543.970199025
197 1 1 1 6294.172632423
