127 1 1 1 281.698965880
127 1 1 1 393.672392697
127 1 1 1 337.889675024
127 1 1 1 308.880551600
127 1 1 1 326.497253168
127 1 1 1 304.138075878
127 1 1 1 387.645644563
127 1 1 1 389.117815573
127 1 1 1 292.142286970
127 1 1 1 310.475531069
127 1 1 1 309.168183679
127 1 1 1 428.763910311
127 1 1 1 372.882990968
127 1 1 1 356.279619961
127 1 1 1 406.191931954
127 1 1 1 409.935873149
127 1 1 1 448.314189864
127 1 1 1 364.350557454
127 1 1 1 487.879355975
127 1 1 1 312.361478128
127 1 1 1 370.653664405
127 1 1 1 405.841714652
127 1 1 1 317.459842846
127 1 1 1 300.126312005
127 1 1 1 365.660708495
127 1 1 1 318.300017930
127 1 1 1 312.827621240
127 1 1 1 363.012222710
127 1 1 1 300.246421262
127 1 1 1 400.773373041
127 1 1 1 435.941447161
127 1 1 1 290.761915586
127 1 1 1 314.985646852
127 1 1 1 292.997446287
127 1 1 1 354.475810882
127 1 1 1 321.229520878
127 1 1 1 351.006305358
127 1 1 1 382.347913303
127 1 1 1 305.267091251
127 1 1 1 314.599238170
127 1 1 1 346.225037103
127 1 1 1 425.986131212
127 1 1 1 323.464212746
127 1 1 1 383.809338731
127 1 1 1 360.285455757
127 1 1 1 386.063082981
127 1 1 1 368.782658062
127 1 1 1 345.074379003
127 1 1 1 377.065439496
127 1 1 1 310.599313041
127 1 1 1 304.858154124
127 1 1 1 376.889978542
127 1 1 1 316.211066330
127 1 1 1 325.232298877
127 1 1 1 451.833673930
127 1 1 1 319.260730660
127 1 1 1 388.719006354
127 1 1 1 386.368724751
127 1 1 1 357.464485665
127 1 1 1 337.965281099
127 1 1 1 335.274508161
127 1 1 1 358.157661021
127 1 1 1 378.775916838
127 1 1 1 384.296813999
127 1 1 1 325.967988116
127 1 1 1 344.022124529
127 1 1 1 319.809438543
127 1 1 1 305.164302019
127 1 1 1 308.291339868
127 1 1 1 350.697098155
127 1 1 1 373.507366957
127 1 1 1 337.226257382
127 1 1 1 308.758850570
127 1 1 1 355.991997966
127 1 1 1 332.253231251
127 1 1 1 403.467665933
127 1 1 1 342.978481471
127 1 1 1 317.963668924
127 1 1 1 355.846717814
127 1 1 1 340.836730040
127 1 1 1 440.370712811
127 1 1 1 281.378969232
127 1 1 1 321.101164989
127 1 1 1 364.074430024
127 1 1 1 314.127790110
127 1 1 1 305.336757758
127 1 1 1 307.127720448
127 1 1 1 451.717491281
127 1 1 1 331.813865328
127 1 1 1 409.127724763
127 1 1 1 340.854926289
127 1 1 1 361.805957894
127 1 1 1 316.141094455
127 1 1 1 321.272855977
127 1 1 1 313.624979849
127 1 1 1 355.948815343
127 1 1 1 459.929598461
127 1 1 1 366.046738295
127 1 1 1 327.686869247
127 1 1 1 277.151811714
127 1 1 1 283.294364598
127 1 1 1 332.152743914
127 1 1 1 374.261491096
127 1 1 1 305.808598487
127 1 1 1 324.493290899
127 1 1 1 526.851384107
127 1 1 1 405.281025006
127 1 1 1 284.789124978
127 1 1 1 339.180116200
127 1 1 1 347.030847026
127 1 1 1 271.704198764
127 1 1 1 453.069208431
127 1 1 1 358.425765166
127 1 1 1 365.593361135
127 1 1 1 306.403704635
127 1 1 1 301.085141809
127 1 1 1 285.511301912
127 1 1 1 396.791051097
127 1 1 1 332.939730772
127 1 1 1 316.874548926
127 1 1 1 339.334248846
127 1 1 1 316.153759690
127 1 1 1 437.037321178
127 1 1 1 385.281294294
127 1 1 1 421.635004274
127 1 1 1 343.642239307
127 1 1 1 326.591604955
127 1 1 1 316.548698947
