193 1 1 1 5036.400833484
193 1 1 1 5416.529747715
193 1 1 1 5033.709569809
193 1 1 1 4965.704102887
193 1 1 1 5617.678275655
193 1 1 1 5610.919432812
193 1 1 1 5590.478239679
193 1 1 1 5160.317891217
193 1 1 1 5633.617611971
193 1 1 1 5617.566882309
193 1 1 1 5653.332719470
193 1 1 1 5395.325359433
193 1 1 1 5628.844667560
193 1 1 1 5558.823050807
193 1 1 1 5542.722199324
193 1 1 1 5242.193130086
193 1 1 1 5572.720521726
193 1 1 1 4942.098351122
193 1 1 1 5245.879792254
193 1 1 1 5178.182822236
193 1 1 1 5327.630969750
193 1 1 1 5131.496791462
193 1 1 1 4943.193036545
193 1 1 1 5239.233186267
193 1 1 1 5107.384226806
193 1 1 1 5082.448628907
193 1 1 1 5185.562433314
193 1 1 1 5232.192973486
193 1 1 1 5022.508674562
193 1 1 1 5740.448721196
193 1 1 1 5284.782440090
193 1 1 1 4859.491124970
193 1 1 1 5230.343541635
193 1 1 1 5556.276513808
193 1 1 1 5901.177951776
193 1 1 1 5297.641398949
193 1 1 1 4872.006823907
193 1 1 1 4919.889755488
193 1 1 1 5118.810943814
193 1 1 1 5605.429887221
193 1 1 1 4949.443082880
193 1 1 1 5842.436643820
193 1 1 1 5490.588488209
193 1 1 1 5092.762022280
193 1 1 1 5546.831456580
193 1 1 1 4979.474137854
193 1 1 1 5547.516965655
193 1 1 1 5807.414177386
193 1 1 1 5806.243217281
193 1 1 1 5475.472466083
193 1 1 1 5903.107777116
193 1 1 1 5331.325411940
193 1 1 1 5381.198295477
193 1 1 1 5596.322559654
193 1 1 1 5112.196052495
193 1 1 1 5476.351055075
193 1 1 1 5435.138874402
193 1 1 1 5000.016232178
193 1 1 1 5523.461530782
193 1 1 1 5051.750802963
193 1 1 1 4836.566597056
193 1 1 1 5385.237096674
193 1 1 1 5267.865690202
193 1 1 1 5412.544105751
193 1 1 1 4989.830783106
193 1 1 1 5473.647416246
193 1 1 1 4990.453108869
193 1 1 1 5844.481564077
193 1 1 1 4861.763208391
193 1 1 1 5512.729980196
193 1 1 1 5750.142898885
193 1 1 1 5245.487579237
193 1 1 1 5278.809230361
193 1 1 1 4772.739588816
193 1 1 1 5360.246860632
193 1 1 1 5137.068880513
193 1 1 1 5548.677156779
193 1 1 1 5775.853754902
193 1 1 1 4983.513240400
193 1 1 1 5867.732398586
193 1 1 1 5330.192503975
193 1 1 1 5191.497944963
193 1 1 1 4879.153410882
193 1 1 1 5624.276996348
193 1 1 1 5035.552864981
193 1 1 1 5857.784116341
193 1 1 1 4627.391082258
193 1 1 1 5429.587699640
193 1 1 1 5247.146703762
193 1 1 1 4824.789895910
193 1 1 1 5599.974793562
193 1 1 1 5503.422312674
193 1 1 1 5199.017675541
193 1 1 1 4946.096103127
193 1 1 1 5698.846173462
193 1 1 1 5291.430886813
193 1 1 1 5357.423087800
193 1 1 1 5697.754638088
193 1 1 1 5132.309745214
193 1 1 1 5302.835751456
193 1 1 1 5497.948306880
193 1 1 1 5671.053613751
193 1 1 1 4939.938694477
193 1 1 1 5878.048292664
193 1 1 1 5294.241751853
193 1 1 1 5541.243941078
193 1 1 1 5043.952969471
193 1 1 1 5254.420456563
193 1 1 1 5034.658584495
193 1 1 1 5439.981198578
193 1 1 1 5279.479433837
193 1 1 1 4593.918787536
193 1 1 1 4595.594857713
193 1 1 1 5783.807524855
193 1 1 1 5459.592007206
193 1 1 1 5230.003028563
193 1 1 1 6476.834326385
193 1 1 1 5227.691805224
193 1 1 1 5604.919587826
193 1 1 1 5444.671192521
193 1 1 1 5055.448873201
193 1 1 1 5788.994594701
193 1 1 1 4936.477182832
193 1 1 1 4642.035317662
193 1 1 1 4713.310329143
193 1 1 1 5080.989153606
193 1 1 1 5308.881819174
193 1 1 1 5018.682148366
