109 1 1 1 153.746100537
109 1 1 1 145.861139557
109 1 1 1 152.219980225
109 1 1 1 149.445526210
109 1 1 1 149.463716490
109 1 1 1 149.560302197
109 1 1 1 150.159936674
109 1 1 1 150.511452702
109 1 1 1 151.417373417
109 1 1 1 149.000613433
109 1 1 1 175.040934042
109 1 1 1 176.160946298
109 1 1 1 179.752343960
109 1 1 1 209.493365416
109 1 1 1 209.630723350
109 1 1 1 210.103537428
109 1 1 1 212.864017020
109 1 1 1 159.514333065
109 1 1 1 161.651248646
109 1 1 1 144.243270685
109 1 1 1 146.459101204
109 1 1 1 147.865379401
109 1 1 1 147.961648772
109 1 1 1 148.204049404
109 1 1 1 164.458114093
109 1 1 1 153.160145778
109 1 1 1 146.472247343
109 1 1 1 145.599403141
109 1 1 1 144.926128013
109 1 1 1 145.491683619
109 1 1 1 145.204799067
109 1 1 1 146.335504421
109 1 1 1 146.524988459
109 1 1 1 139.537614235
109 1 1 1 144.991171045
109 1 1 1 146.222215757
109 1 1 1 147.312931722
109 1 1 1 147.881379589
109 1 1 1 166.152363702
109 1 1 1 162.471732009
109 1 1 1 163.928742954
109 1 1 1 137.132633103
109 1 1 1 150.115007097
109 1 1 1 158.540116450
109 1 1 1 159.374265347
109 1 1 1 136.360956831
109 1 1 1 166.196957412
109 1 1 1 166.469962177
109 1 1 1 173.592512163
109 1 1 1 174.567506847
109 1 1 1 143.461045463
109 1 1 1 164.659026844
109 1 1 1 160.272223577
109 1 1 1 160.658799894
109 1 1 1 146.957769862
109 1 1 1 167.376373325
109 1 1 1 147.802443776
109 1 1 1 155.441365254
109 1 1 1 138.307317521
109 1 1 1 164.234540560
109 1 1 1 166.811182787
109 1 1 1 167.846089384
109 1 1 1 160.677786041
109 1 1 1 162.314161479
109 1 1 1 159.319880148
109 1 1 1 161.559005299
109 1 1 1 166.719865391
109 1 1 1 160.849453698
109 1 1 1 166.896584155
109 1 1 1 173.648340541
109 1 1 1 175.924063950
109 1 1 1 170.069576118
109 1 1 1 163.415388257
109 1 1 1 141.930157179
109 1 1 1 158.750605401
109 1 1 1 145.693634492
109 1 1 1 140.474428513
109 1 1 1 166.599998863
109 1 1 1 164.878515038
109 1 1 1 169.369570299
109 1 1 1 171.801556375
109 1 1 1 171.292164974
109 1 1 1 148.509463706
109 1 1 1 150.076445575
109 1 1 1 148.732342524
109 1 1 1 152.591391169
109 1 1 1 147.732778352
109 1 1 1 166.122171293
109 1 1 1 157.571173794
109 1 1 1 165.780357467
109 1 1 1 137.487622123
109 1 1 1 151.943744829
109 1 1 1 165.326770368
109 1 1 1 172.127785259
109 1 1 1 160.337111133
109 1 1 1 151.090790541
109 1 1 1 152.846850617
109 1 1 1 149.874270933
109 1 1 1 164.354326025
109 1 1 1 155.569982580
109 1 1 1 149.521529332
109 1 1 1 161.307712253
109 1 1 1 161.358287399
109 1 1 1 158.608889406
109 1 1 1 159.150119714
109 1 1 1 162.016274040
109 1 1 1 158.312065932
109 1 1 1 143.691555422
109 1 1 1 151.707965963
109 1 1 1 152.222009643
109 1 1 1 170.285574960
109 1 1 1 158.988406788
109 1 1 1 167.157920727
109 1 1 1 165.298310802
109 1 1 1 163.349378692
109 1 1 1 168.860585429
109 1 1 1 167.490913458
109 1 1 1 168.584225270
109 1 1 1 167.336640721
109 1 1 1 166.770476016
109 1 1 1 147.821349046
109 1 1 1 149.281564941
109 1 1 1 151.280288735
109 1 1 1 156.163447239
109 1 1 1 149.990752644
109 1 1 1 156.810057920
109 1 1 1 163.014319992
109 1 1 1 163.339731523
