37 1 1 1 2.305739402
37 1 1 1 2.022816287
37 1 1 1 2.060051649
37 1 1 1 2.053802521
37 1 1 1 2.017594487
37 1 1 1 2.008888084
37 1 1 1 2.051322597
37 1 1 1 1.993185921
37 1 1 1 1.990355385
37 1 1 1 2.013409441
37 1 1 1 2.008103430
37 1 1 1 2.019508177
37 1 1 1 2.058915842
37 1 1 1 2.057978516
37 1 1 1 2.044949479
37 1 1 1 2.169503781
37 1 1 1 2.062582984
37 1 1 1 2.103844860
37 1 1 1 2.145959741
37 1 1 1 2.120518309
37 1 1 1 2.094395373
37 1 1 1 2.212245405
37 1 1 1 2.211333860
37 1 1 1 2.229878591
37 1 1 1 2.211071908
37 1 1 1 2.225909166
37 1 1 1 2.227579897
37 1 1 1 2.230015801
37 1 1 1 2.236095187
37 1 1 1 2.281746779
37 1 1 1 2.234465548
37 1 1 1 2.242276414
37 1 1 1 2.204033296
37 1 1 1 2.189063507
37 1 1 1 2.194711491
37 1 1 1 2.289119113
37 1 1 1 2.332873954
37 1 1 1 2.300650812
37 1 1 1 2.323369867
37 1 1 1 2.302519773
37 1 1 1 2.326809788
37 1 1 1 2.317548212
37 1 1 1 2.305776662
37 1 1 1 2.315235899
37 1 1 1 2.327747883
37 1 1 1 2.334946676
37 1 1 1 2.310763642
37 1 1 1 2.309795346
37 1 1 1 2.342115949
37 1 1 1 2.173590365
37 1 1 1 2.188965236
37 1 1 1 2.165387686
37 1 1 1 2.178719326
37 1 1 1 2.169739382
37 1 1 1 2.168916988
37 1 1 1 2.180172704
37 1 1 1 2.176970075
37 1 1 1 2.175900938
37 1 1 1 2.176170861
37 1 1 1 2.198292573
37 1 1 1 2.185906588
37 1 1 1 2.182943430
37 1 1 1 2.182119446
37 1 1 1 2.174123559
37 1 1 1 2.020036721
37 1 1 1 2.208762045
37 1 1 1 2.221874123
37 1 1 1 2.217591777
37 1 1 1 2.231720761
37 1 1 1 2.212624808
37 1 1 1 2.202667308
37 1 1 1 2.196886754
37 1 1 1 2.204683290
37 1 1 1 2.201761592
37 1 1 1 2.214371377
37 1 1 1 2.209368198
37 1 1 1 2.208605004
37 1 1 1 2.267463674
37 1 1 1 2.212916109
37 1 1 1 2.212331866
37 1 1 1 2.015208142
37 1 1 1 2.198701595
37 1 1 1 2.214319848
37 1 1 1 2.194308998
37 1 1 1 2.206069599
37 1 1 1 2.117970874
37 1 1 1 2.146648535
37 1 1 1 2.103978730
37 1 1 1 2.102601183
37 1 1 1 2.106689676
37 1 1 1 2.110013956
37 1 1 1 2.261861161
37 1 1 1 2.103046705
37 1 1 1 2.116055503
37 1 1 1 2.110108417
37 1 1 1 2.110738651
37 1 1 1 2.092171060
37 1 1 1 2.217431136
37 1 1 1 2.215871607
37 1 1 1 2.197369166
37 1 1 1 2.319634905
37 1 1 1 2.308025336
37 1 1 1 2.326206344
37 1 1 1 2.322302671
37 1 1 1 2.315450190
37 1 1 1 2.321317055
37 1 1 1 2.333290106
37 1 1 1 2.319297393
37 1 1 1 2.335099387
37 1 1 1 2.321289264
37 1 1 1 2.324376623
37 1 1 1 2.370232456
37 1 1 1 2.342949203
37 1 1 1 1.909575762
37 1 1 1 1.917935192
37 1 1 1 2.096052913
37 1 1 1 2.132396969
37 1 1 1 2.114817065
37 1 1 1 2.109812025
37 1 1 1 2.117411431
37 1 1 1 2.113656808
37 1 1 1 2.134123240
37 1 1 1 2.118472527
37 1 1 1 2.117042118
37 1 1 1 2.135429917
37 1 1 1 2.142384549
37 1 1 1 2.116247974
37 1 1 1 2.117002948
