73 1 1 1 28.322300809
73 1 1 1 28.442819706
73 1 1 1 28.696083629
73 1 1 1 28.746694593
73 1 1 1 28.716674987
73 1 1 1 28.767845400
73 1 1 1 28.914789735
73 1 1 1 28.886379884
73 1 1 1 28.873296931
73 1 1 1 28.990531304
73 1 1 1 29.030590533
73 1 1 1 29.171963345
73 1 1 1 29.069750775
73 1 1 1 29.330340297
73 1 1 1 29.274174927
73 1 1 1 29.346040367
73 1 1 1 29.850836090
73 1 1 1 29.998621381
73 1 1 1 29.962236850
73 1 1 1 29.894860926
73 1 1 1 30.961347691
73 1 1 1 30.869681277
73 1 1 1 31.141226387
73 1 1 1 30.866058280
73 1 1 1 31.010575266
73 1 1 1 31.105428188
73 1 1 1 30.828891081
73 1 1 1 31.304720678
73 1 1 1 31.419234647
73 1 1 1 31.422044153
73 1 1 1 31.618274433
73 1 1 1 31.767162919
73 1 1 1 25.870633384
73 1 1 1 31.910024840
73 1 1 1 32.139816775
73 1 1 1 32.033005865
73 1 1 1 32.151364041
73 1 1 1 32.103801183
73 1 1 1 33.366553739
73 1 1 1 33.733660939
73 1 1 1 32.398490651
73 1 1 1 33.389964360
73 1 1 1 33.627837509
73 1 1 1 33.509006017
73 1 1 1 33.536459160
73 1 1 1 33.484525828
73 1 1 1 34.255637247
73 1 1 1 34.318085176
73 1 1 1 30.792820543
73 1 1 1 28.534813867
73 1 1 1 28.572052291
73 1 1 1 28.947648488
73 1 1 1 28.126464999
73 1 1 1 28.550173102
73 1 1 1 28.101592953
73 1 1 1 28.246968302
73 1 1 1 28.699449963
73 1 1 1 28.281435772
73 1 1 1 28.333846241
73 1 1 1 28.168310500
73 1 1 1 28.731234687
73 1 1 1 28.718389037
73 1 1 1 28.967028775
73 1 1 1 29.083673357
73 1 1 1 31.439765444
73 1 1 1 29.693000621
73 1 1 1 29.805823702
73 1 1 1 30.801115156
73 1 1 1 30.707130564
73 1 1 1 31.002355880
73 1 1 1 30.759313838
73 1 1 1 30.762023212
73 1 1 1 31.113484008
73 1 1 1 30.629687419
73 1 1 1 30.884282440
73 1 1 1 30.013036439
73 1 1 1 31.146541786
73 1 1 1 30.844343747
73 1 1 1 30.071825216
73 1 1 1 31.079110544
73 1 1 1 33.226706305
73 1 1 1 28.669109188
73 1 1 1 28.922667020
73 1 1 1 28.678139010
73 1 1 1 28.891391743
73 1 1 1 29.113768218
73 1 1 1 29.261555488
73 1 1 1 30.793846441
73 1 1 1 30.981758399
73 1 1 1 29.150454407
73 1 1 1 29.317405855
73 1 1 1 29.138257927
73 1 1 1 29.341794094
73 1 1 1 29.659011128
73 1 1 1 30.826237795
73 1 1 1 31.092888791
73 1 1 1 29.591863077
73 1 1 1 29.524526848
73 1 1 1 29.366173498
73 1 1 1 29.739650116
73 1 1 1 29.977025908
73 1 1 1 29.946736016
73 1 1 1 29.771273629
73 1 1 1 29.845411263
73 1 1 1 30.016044786
73 1 1 1 30.251680548
73 1 1 1 30.267894101
73 1 1 1 30.259126341
73 1 1 1 30.120407090
73 1 1 1 31.053141127
73 1 1 1 30.757642688
73 1 1 1 30.479327727
73 1 1 1 28.532959632
73 1 1 1 28.607152524
73 1 1 1 28.318295938
73 1 1 1 30.117652888
73 1 1 1 30.060523173
73 1 1 1 28.570730577
73 1 1 1 30.181386671
73 1 1 1 28.781306426
73 1 1 1 28.728115323
73 1 1 1 29.318634337
73 1 1 1 30.303090884
73 1 1 1 30.328073937
73 1 1 1 28.116039167
73 1 1 1 28.468285683
73 1 1 1 28.643148530
73 1 1 1 30.203118675
