101 1 1 1 108.266262606
101 1 1 1 108.915101437
101 1 1 1 111.255350143
101 1 1 1 111.375149694
101 1 1 1 107.026483532
101 1 1 1 107.326048932
101 1 1 1 108.724651235
101 1 1 1 110.728452541
101 1 1 1 111.192436444
101 1 1 1 111.281873206
101 1 1 1 113.154627843
101 1 1 1 115.901689435
101 1 1 1 115.775566447
101 1 1 1 115.777694801
101 1 1 1 119.288698493
101 1 1 1 120.128929892
101 1 1 1 106.078974620
101 1 1 1 108.521131751
101 1 1 1 121.157148036
101 1 1 1 121.816749922
101 1 1 1 109.145588071
101 1 1 1 109.886869096
101 1 1 1 112.009601569
101 1 1 1 109.303232636
101 1 1 1 118.463645413
101 1 1 1 118.693369093
101 1 1 1 116.274762963
101 1 1 1 119.668275353
101 1 1 1 121.458121098
101 1 1 1 122.385251514
101 1 1 1 110.930077267
101 1 1 1 109.015945477
101 1 1 1 118.857094226
101 1 1 1 120.332275638
101 1 1 1 119.685865370
101 1 1 1 118.973628183
101 1 1 1 109.446793731
101 1 1 1 120.789729804
101 1 1 1 107.980516814
101 1 1 1 111.285759473
101 1 1 1 111.787438717
101 1 1 1 118.613038661
101 1 1 1 116.475400079
101 1 1 1 124.690223172
101 1 1 1 120.278948435
101 1 1 1 124.838516078
101 1 1 1 108.649193106
101 1 1 1 116.351595261
101 1 1 1 119.288219033
101 1 1 1 127.351913281
101 1 1 1 122.144116079
101 1 1 1 122.343210090
101 1 1 1 117.705243423
101 1 1 1 103.914861837
101 1 1 1 116.271096178
101 1 1 1 113.698775466
101 1 1 1 118.617251679
101 1 1 1 118.092782629
101 1 1 1 120.275095649
101 1 1 1 124.233210867
101 1 1 1 110.110875123
101 1 1 1 108.812017470
101 1 1 1 110.299169024
101 1 1 1 116.262315755
101 1 1 1 108.104041491
101 1 1 1 121.931656341
101 1 1 1 118.810210386
101 1 1 1 119.122131171
101 1 1 1 118.878866239
101 1 1 1 112.514302441
101 1 1 1 127.132552372
101 1 1 1 118.171322290
101 1 1 1 114.118912995
101 1 1 1 119.593760850
101 1 1 1 121.058328863
101 1 1 1 120.603319265
101 1 1 1 113.347705735
101 1 1 1 119.381974108
101 1 1 1 113.920426811
101 1 1 1 117.709160864
101 1 1 1 119.066885050
101 1 1 1 123.622344320
101 1 1 1 118.467181501
101 1 1 1 119.044786469
101 1 1 1 119.442931197
101 1 1 1 107.660414580
101 1 1 1 111.390020491
101 1 1 1 121.193488967
101 1 1 1 116.267572532
101 1 1 1 125.653561893
101 1 1 1 118.477065287
101 1 1 1 121.513361252
101 1 1 1 103.699287344
101 1 1 1 122.371112463
101 1 1 1 117.731555368
101 1 1 1 123.666334129
101 1 1 1 121.387226632
101 1 1 1 126.309208543
101 1 1 1 114.624430703
101 1 1 1 118.473850427
101 1 1 1 119.260315439
101 1 1 1 123.140140657
101 1 1 1 117.914660589
101 1 1 1 121.605824051
101 1 1 1 126.776475294
101 1 1 1 118.897307388
101 1 1 1 116.155138154
101 1 1 1 110.026736478
101 1 1 1 120.868071432
101 1 1 1 125.871595342
101 1 1 1 123.267030267
101 1 1 1 116.642262471
101 1 1 1 124.656475885
101 1 1 1 125.072700040
101 1 1 1 108.696343767
101 1 1 1 113.810348515
101 1 1 1 117.132189782
101 1 1 1 116.308110724
101 1 1 1 123.450980938
101 1 1 1 122.475113974
101 1 1 1 118.868615282
101 1 1 1 116.302852748
101 1 1 1 106.321724682
101 1 1 1 120.889767972
101 1 1 1 114.352520280
101 1 1 1 117.529852491
101 1 1 1 113.717794575
101 1 1 1 116.923647746
