149 1 1 1 825.459006339
149 1 1 1 1082.053063913
149 1 1 1 933.773522211
149 1 1 1 855.165272840
149 1 1 1 1118.576439522
149 1 1 1 1122.671225977
149 1 1 1 1119.952901004
149 1 1 1 1024.206327310
149 1 1 1 984.891585690
149 1 1 1 904.715490177
149 1 1 1 811.942675196
149 1 1 1 930.293118606
149 1 1 1 856.448702148
149 1 1 1 1144.665543123
149 1 1 1 1114.091035864
149 1 1 1 938.454815466
149 1 1 1 1063.329853873
149 1 1 1 1159.524740436
149 1 1 1 1126.315328051
149 1 1 1 953.944307988
149 1 1 1 1080.740952435
149 1 1 1 1058.714448615
149 1 1 1 924.736026224
149 1 1 1 1045.225142709
149 1 1 1 1026.216821115
149 1 1 1 872.629883008
149 1 1 1 1271.649749740
149 1 1 1 948.068171748
149 1 1 1 943.464901177
149 1 1 1 1101.754561997
149 1 1 1 1080.442273539
149 1 1 1 1036.705670911
149 1 1 1 1174.627425996
149 1 1 1 932.519233463
149 1 1 1 1007.357782393
149 1 1 1 973.552836749
149 1 1 1 1134.254658719
149 1 1 1 904.975955663
149 1 1 1 1205.191240668
149 1 1 1 952.062091815
149 1 1 1 1202.196125565
149 1 1 1 834.798348724
149 1 1 1 925.894968010
149 1 1 1 1015.074836781
149 1 1 1 960.297090704
149 1 1 1 1117.475741452
149 1 1 1 928.278639735
149 1 1 1 1020.923679483
149 1 1 1 867.477184579
149 1 1 1 1149.311237670
149 1 1 1 874.312803152
149 1 1 1 1078.649425415
149 1 1 1 865.663539932
149 1 1 1 1129.204971847
149 1 1 1 1128.218812800
149 1 1 1 1129.578678568
149 1 1 1 1190.467370465
149 1 1 1 807.649485929
149 1 1 1 984.082815136
149 1 1 1 984.172863947
149 1 1 1 929.741513227
149 1 1 1 1207.729453043
149 1 1 1 1020.844281202
149 1 1 1 1303.513589063
149 1 1 1 1055.857020398
149 1 1 1 1274.425599015
149 1 1 1 927.361742283
149 1 1 1 1114.145276118
149 1 1 1 967.860602827
149 1 1 1 1066.066663080
149 1 1 1 1061.675021845
149 1 1 1 1064.840224976
149 1 1 1 1098.626727135
149 1 1 1 1054.255507413
149 1 1 1 1132.430182723
149 1 1 1 971.192043139
149 1 1 1 842.652349829
149 1 1 1 1065.769335541
149 1 1 1 877.822332520
149 1 1 1 1108.536582100
149 1 1 1 900.008100052
149 1 1 1 1123.898803866
149 1 1 1 1236.446377294
149 1 1 1 962.936441528
149 1 1 1 1326.590268852
149 1 1 1 963.942687449
149 1 1 1 962.356560064
149 1 1 1 1146.165424200
149 1 1 1 987.720693009
149 1 1 1 957.947541514
149 1 1 1 997.001998359
149 1 1 1 1101.365869990
149 1 1 1 1056.834212268
149 1 1 1 824.349338718
149 1 1 1 1149.397133740
149 1 1 1 980.501538379
149 1 1 1 935.715966294
149 1 1 1 1176.002342646
149 1 1 1 1011.443465436
149 1 1 1 969.065456503
149 1 1 1 1107.549515400
149 1 1 1 1024.249992191
149 1 1 1 943.346045851
149 1 1 1 938.131355284
149 1 1 1 936.092477481
149 1 1 1 912.133511129
149 1 1 1 944.929814943
149 1 1 1 1065.102992338
149 1 1 1 1037.415489753
149 1 1 1 1046.227361491
149 1 1 1 986.200953185
149 1 1 1 1239.883495203
149 1 1 1 1327.048311517
149 1 1 1 1017.035366050
149 1 1 1 787.750805412
149 1 1 1 1075.904672770
149 1 1 1 1072.286107627
149 1 1 1 1138.395739863
149 1 1 1 1102.267042209
149 1 1 1 851.947534715
149 1 1 1 1097.441566605
149 1 1 1 942.418212987
149 1 1 1 1100.009672474
149 1 1 1 1284.156650375
149 1 1 1 1250.534890189
149 1 1 1 988.496684654
149 1 1 1 987.478978563
149 1 1 1 1284.519866646
